1000
52 48 100
19 88 27
12 50 15
13 91 30
32 91 10
30 68 38
4 4 8
61 12 22
92 93 30
30 68 33
0 9 37
39 77 22
76 78 26
45 83 22
53 56 100
65 44 34
41 93 6
17 37 21
26 86 13
64 89 25
35 73 100
0 8 8
90 58 12
85 23 100
0 8 46
39 77 22
13 91 30
93 53 6
86 22 13
8 46 8
70 30 100
37 75 100
85 23 100
44 82 23
99 99 25
0 9 36
52 56 46
23 85 21
29 12 18
82 17 20
26 28 38
18 56 20
25 29 29
61 40 100
9 0 29
0 9 36
18 89 27
89 12 21
89 12 24
52 56 46
44 82 18
89 64 10
46 90 9
72 28 100
46 84 15
56 94 8
88 90 26
73 87 42
61 40 100
0 8 46
43 81 18
28 66 32
87 25 35
82 16 57
40 78 100
92 30 14
10 0 28
15 89 30
62 12 20
13 51 14
66 43 34
38 76 23
3 5 42
87 66 12
70 36 100
88 26 30
89 64 11
20 58 23
65 43 39
0 10 31
18 56 20
6 2 100
12 50 12
43 62 100
45 83 22
90 13 16
65 41 100
77 15 15
4 4 8
8 0 31
70 38 68
1 98 22
17 36 42
72 10 13
31 91 9
73 88 37
90 58 12
49 46 100
20 87 100
43 93 6
26 68 27
14 41 14
70 36 100
80 20 100
13 82 28
99 98 26
88 63 11
20 34 35
12 0 24
9 47 9
75 13 33
81 19 100
32 91 8
16 89 29
27 65 27
73 31 32
92 30 14
84 22 100
21 33 28
74 34 36
63 93 16
44 82 23
81 19 100
85 23 67
99 99 100
2 6 43
93 94 28
20 34 44
40 78 21
33 74 26
27 67 28
62 92 19
54 45 100
60 41 100
85 23 100
48 86 22
81 17 17
11 49 11
82 20 100
28 66 33
93 15 9
38 76 100
57 52 42
38 76 100
93 31 12
51 89 12
59 50 52
81 19 100
93 53 6
72 82 34
92 14 13
52 48 100
75 78 26
46 84 15
60 49 28
45 94 5
52 90 12
91 56 8
47 26 28
5 4 100
55 54 45
93 14 10
67 42 37
88 65 11
24 62 24
41 93 6
1 7 45
19 16 32
10 0 28
13 51 14
12 50 12
74 12 14
2 6 44
9 0 30
8 0 8
16 40 21
88 88 24
40 78 23
84 22 100
62 92 16
41 65 100
22 60 77
42 92 7
5 4 100
6 4 100
76 14 49
90 92 28
59 50 40
42 92 7
21 33 33
49 87 18
14 43 17
22 60 100
17 14 100
27 81 100
76 80 29
75 33 32
40 94 5
89 12 21
89 27 14
93 15 9
75 81 32
65 44 41
36 93 6
49 60 39
45 83 16
10 0 28
74 25 100
85 23 100
80 18 18
4 4 8
53 56 48
38 61 100
84 22 100
27 66 79
43 93 6
12 82 29
86 24 50
99 99 26
99 99 29
14 85 35
87 25 34
45 91 8
12 0 24
59 50 100
19 57 23
64 89 25
35 73 29
93 15 9
40 94 5
32 91 10
9 0 29
93 94 25
17 57 17
69 7 9
11 81 26
18 56 20
35 73 100
8 0 31
13 42 13
39 67 100
29 67 35
72 28 100
99 99 100
54 45 100
30 68 36
19 57 20
81 19 100
0 8 45
49 87 12
8 46 8
99 99 27
99 99 24
26 86 15
35 73 100
90 58 12
54 51 100
69 39 36
79 17 17
37 75 100
31 91 8
77 15 52
35 73 26
53 91 8
44 93 6
41 79 20
83 21 24
78 16 54
80 20 100
14 41 14
42 80 19
70 8 10
36 74 26
26 66 100
22 34 100
99 99 100
21 91 9
34 74 100
5 3 8
75 78 27
60 40 100
50 62 37
41 93 6
52 56 46
53 55 100
65 42 100
92 93 32
99 99 27
8 5 100
41 64 100
36 93 6
27 81 100
88 10 14
79 17 100
52 90 12
38 76 100
18 35 41
68 39 100
70 29 100
30 68 33
41 93 6
70 8 8
21 59 56
88 11 19
37 72 100
99 99 100
99 99 26
14 84 33
44 62 100
42 92 7
71 85 39
0 8 46
63 90 23
60 42 100
90 59 10
55 93 11
81 19 100
20 89 14
36 74 100
8 5 100
10 0 27
87 25 34
12 50 12
88 65 11
23 61 52
0 8 46
47 26 28
71 9 12
23 85 20
34 72 28
19 89 26
37 72 100
68 40 38
49 46 100
0 97 25
29 67 50
91 57 8
37 72 100
12 50 12
17 57 17
45 12 15
80 18 58
32 91 8
17 88 29
18 56 20
49 60 39
29 12 18
63 37 100
36 73 100
43 62 100
21 33 29
42 92 7
18 87 31
37 72 100
37 75 100
38 76 23
49 87 19
26 68 28
39 95 4
14 0 21
9 0 30
69 40 36
20 88 26
41 93 6
9 47 9
45 91 8
88 10 14
37 75 100
20 89 19
69 7 9
89 12 22
88 11 19
44 93 6
46 26 29
49 48 100
3 5 100
88 26 32
30 68 36
34 74 100
80 20 100
62 92 16
62 92 16
39 77 100
90 92 31
17 91 14
38 76 100
84 22 100
12 92 26
20 34 27
17 36 39
62 39 100
18 88 28
51 89 12
38 94 5
66 43 38
31 14 18
62 12 21
8 0 31
69 7 9
39 94 5
39 68 100
17 88 31
59 50 40
35 73 100
12 50 12
90 92 29
99 99 33
55 51 100
90 28 14
21 91 9
12 82 27
57 52 43
29 12 18
48 86 19
99 99 27
12 50 14
93 68 6
95 6 16
78 16 17
35 73 28
45 83 16
96 96 100
35 73 100
32 91 10
99 99 24
54 51 100
1 97 31
26 82 100
46 11 14
76 14 40
93 31 12
56 52 100
43 93 6
63 90 23
89 65 10
37 75 24
19 89 21
4 4 8
71 85 42
13 51 14
89 64 10
56 94 8
3 5 100
22 60 100
62 92 19
12 50 12
16 54 19
27 67 29
72 10 12
1 97 31
18 87 32
41 93 6
92 30 14
46 11 14
40 94 5
0 9 46
11 0 25
23 31 25
39 95 4
14 40 14
4 4 100
45 83 22
18 56 19
6 2 100
14 0 17
53 56 49
60 40 100
7 1 34
95 95 32
6 2 69
41 79 20
21 87 21
34 74 100
88 10 14
27 67 29
14 41 14
12 92 30
88 65 11
49 87 20
37 72 100
3 5 100
45 13 16
34 72 27
50 88 11
86 24 51
69 40 52
29 12 18
96 2 13
69 7 9
8 46 8
13 42 14
42 92 7
93 15 10
20 89 14
22 60 78
97 1 14
49 45 100
63 43 100
36 74 100
99 99 89
81 19 100
74 34 35
59 42 100
77 15 15
99 99 26
86 24 39
72 28 28
36 93 6
88 10 14
43 93 6
80 18 100
39 77 22
70 30 100
11 81 26
34 72 28
33 92 8
1 98 23
89 64 11
55 51 100
54 45 100
90 57 10
99 99 100
11 0 25
12 82 29
64 90 23
60 42 100
38 70 100
23 63 23
71 9 12
37 75 24
15 41 17
99 98 32
88 10 14
21 33 21
45 12 15
44 93 6
37 94 5
98 0 13
75 13 37
53 55 47
92 68 7
81 19 20
54 53 100
70 8 9
33 92 8
0 8 8
92 68 8
92 30 14
18 35 41
10 80 23
70 30 100
40 94 5
48 63 36
70 29 100
45 10 13
85 23 100
0 8 46
42 92 7
39 61 100
99 99 29
64 44 51
89 12 24
18 87 31
14 0 14
0 11 22
85 23 100
99 99 32
61 40 100
87 9 11
93 31 11
17 87 30
88 10 14
32 92 7
80 20 100
99 99 27
38 90 9
42 65 100
8 5 100
13 85 35
51 89 11
87 25 12
17 37 38
10 0 28
31 14 18
62 39 100
3 5 100
89 12 21
89 12 21
19 87 100
49 87 19
99 99 33
73 11 14
41 61 100
85 23 100
79 17 100
39 61 100
35 73 100
97 97 33
0 12 12
36 74 25
76 14 40
37 75 100
85 23 14
75 33 33
63 91 22
11 49 11
74 83 35
38 90 9
58 50 100
62 42 100
12 0 24
63 90 22
24 62 24
99 99 24
21 87 21
55 93 9
45 83 16
53 91 12
78 16 16
15 42 18
96 96 26
55 51 100
65 42 100
89 9 14
18 87 32
7 5 100
75 13 15
69 84 29
71 9 12
53 91 12
88 26 31
12 50 13
99 99 33
99 99 26
10 48 10
80 18 18
74 83 36
89 91 28
45 14 17
23 61 100
11 51 12
38 70 100
99 99 23
96 96 100
89 91 28
0 9 36
80 18 100
72 85 37
42 92 7
43 63 100
20 34 32
71 9 11
80 18 100
42 92 7
18 87 31
27 81 100
86 24 13
93 31 12
0 11 25
0 9 46
89 10 15
77 15 51
32 91 10
12 0 23
89 27 28
89 64 11
70 8 10
55 93 8
26 86 14
85 23 68
26 28 37
99 99 100
19 57 59
47 85 18
92 14 13
93 31 11
13 0 22
74 12 14
45 91 8
20 58 58
72 10 12
35 74 100
17 37 38
69 7 8
65 44 52
50 88 11
29 12 18
46 90 9
10 80 23
81 19 100
75 82 33
0 12 12
70 30 100
3 5 42
16 88 30
39 68 100
42 92 7
40 94 5
47 45 100
36 74 100
88 26 32
37 75 100
64 89 25
41 63 100
62 36 45
98 98 33
99 99 29
93 15 10
77 15 15
88 66 11
91 93 31
38 69 100
8 0 31
63 43 100
15 39 16
99 99 27
61 12 22
56 52 100
10 48 10
0 8 46
0 8 47
93 31 12
88 63 12
43 63 100
73 11 14
97 97 100
51 89 12
71 29 30
95 95 100
42 66 100
70 84 36
11 49 11
63 91 18
89 27 14
7 5 100
36 93 6
0 12 12
99 99 26
75 33 31
88 14 47
69 31 100
8 4 100
90 13 18
14 43 29
34 74 25
96 2 14
78 16 54
74 33 33
53 55 100
40 78 22
93 93 25
91 57 11
42 80 19
32 91 10
68 6 8
56 52 100
88 14 50
75 78 27
80 20 100
16 92 13
41 79 21
43 81 18
12 86 33
54 92 11
88 88 23
99 99 100
60 42 100
82 20 100
71 9 11
21 33 33
93 15 9
20 58 59
12 82 28
84 22 16
60 41 100
49 46 100
5 4 100
92 68 7
65 35 100
65 35 100
10 0 28
85 23 100
85 23 14
27 67 100
2 6 43
50 88 15
49 64 29
50 88 12
27 65 31
47 90 9
49 87 19
1 98 24
0 9 46
89 91 25
72 85 40
49 63 36
69 39 54
19 57 23
10 0 27
30 68 36
22 91 8
8 46 8
19 57 23
91 67 8
56 52 100
48 86 13
93 31 12
93 15 10
79 17 100
97 1 13
45 83 22
0 97 24
42 92 7
2 6 43
92 30 11
86 24 13
99 99 24
51 89 10
76 14 40
26 13 22
17 91 12
26 68 27
76 14 41
70 83 33
43 81 18
93 31 11
82 16 57
61 12 22
11 49 11
44 82 18
12 50 12
74 34 34
96 97 27
10 48 11
68 39 100
41 79 20
23 61 100
14 40 14
89 64 10
20 58 58
10 0 27
89 9 13
13 85 36
92 14 13
99 99 29
24 84 25
54 52 100
16 54 20
89 9 13
72 10 12
81 19 19
54 45 100
49 87 18
48 86 14
72 28 100
93 93 100
70 38 36
24 62 24
40 78 100
40 78 21
7 5 100
53 56 48
39 69 100
0 9 32
71 86 37
42 80 19
26 82 100
12 0 23
36 93 6
49 64 35
11 49 11
88 10 14
18 89 27
74 12 14
9 47 9
89 9 14
42 92 7
0 10 31
68 34 100
50 88 14
78 16 17
5 4 100
49 46 100
88 65 11
74 80 32
19 57 23
61 12 21
99 99 100
74 12 14
34 74 100
93 93 100
71 31 100
16 54 19
13 85 36
10 0 10
0 10 31
80 18 18
47 26 28
50 88 15
90 28 14
89 11 19
1 7 8
44 93 6
76 14 14
90 28 14
88 11 18
85 23 14
62 44 100
39 69 100
43 81 18
61 12 22
87 25 12
97 97 27
79 15 15
73 88 39
11 0 25
87 9 12
87 25 12
11 0 25
28 13 20
55 51 100
19 89 26
41 79 23
14 0 14
55 93 8
65 44 51
0 10 23
92 68 7
89 27 17
12 92 30
1 97 31
42 63 100
68 39 100
71 9 12
88 64 11
46 11 14
83 21 100
0 8 47
60 49 40
23 62 100
59 50 40
37 75 100
14 41 14
1 97 31
72 10 14
83 21 18
49 87 12
88 63 11
99 99 23
10 0 27
20 34 20
23 31 25
81 18 100
89 64 10
1 7 45
0 8 46
29 67 35
42 92 7
22 60 100
35 73 100
19 15 100
7 1 34
91 56 8
8 0 31
35 73 100
79 17 100
89 12 21
99 99 33
38 62 100
2 6 8
99 99 27
87 25 12
92 14 13
21 33 33
80 18 58
99 99 30
83 21 100
8 46 8
72 10 12
71 9 11
69 37 100
99 99 32
72 28 28
67 42 34
82 16 18
7 1 8
38 70 100
90 92 29
90 13 19
92 30 14
43 93 6
34 72 30
71 9 9
91 57 8
64 89 27
48 86 14
44 62 100
55 93 11
1 97 26
54 53 100
