1000
50 51 100
33 18 37
34 17 29
36 62 38
74 92 7
2 99 37
75 93 6
89 70 18
10 15 38
3 99 33
82 19 31
22 31 23
10 25 11
7 91 33
53 46 100
14 82 23
99 11 20
12 58 12
91 73 19
85 85 24
30 28 100
65 93 6
99 99 18
15 85 100
81 82 36
99 8 38
98 6 29
64 87 12
7 90 22
86 51 14
33 34 100
75 76 100
90 9 100
12 20 46
8 43 8
99 99 20
50 86 21
16 35 16
12 68 13
32 88 37
69 89 10
55 82 18
8 50 9
57 42 100
0 97 32
11 46 12
28 87 42
99 7 26
0 99 30
2 0 36
12 42 12
88 0 22
70 89 10
28 33 100
80 89 10
6 45 6
85 48 14
30 86 44
61 62 100
10 15 38
81 22 28
9 14 30
62 71 28
13 20 96
27 24 100
78 60 22
99 8 38
60 70 29
82 55 19
70 89 10
40 11 15
1 99 34
77 74 100
98 95 19
66 65 100
90 0 27
79 60 20
1 99 33
91 0 28
85 66 19
78 59 22
7 91 100
83 20 29
55 43 100
19 37 30
64 73 27
43 40 100
99 7 25
48 85 14
71 80 100
27 24 100
81 79 20
1 1 43
99 10 23
73 92 7
99 99 29
77 91 8
54 48 100
71 80 100
87 64 14
61 76 23
11 59 11
62 68 100
66 71 100
6 91 23
81 20 32
83 19 28
17 34 18
12 73 15
31 89 19
18 39 19
22 29 100
18 81 21
91 0 28
91 0 27
34 49 37
13 38 13
21 31 100
80 89 10
17 82 30
18 81 21
19 37 36
23 29 100
94 3 36
70 81 100
0 98 41
50 85 23
27 24 38
84 85 31
87 86 18
60 91 8
66 91 8
51 51 100
44 54 100
91 9 100
62 71 28
25 26 26
64 73 26
25 26 100
16 35 21
92 0 26
75 76 100
40 89 17
85 15 100
16 79 22
74 84 16
39 56 39
37 61 100
14 45 14
0 2 22
11 9 26
52 50 100
9 25 9
69 89 10
80 78 21
87 45 13
40 89 17
73 15 22
54 84 16
71 80 100
10 15 36
0 99 21
99 8 29
0 97 23
10 48 12
7 44 7
94 3 35
91 39 9
43 52 45
8 50 10
78 59 29
11 46 12
80 78 100
0 98 39
56 27 28
10 46 11
12 10 26
2 99 42
87 12 100
9 15 18
64 65 100
95 4 39
23 28 25
18 23 100
20 31 100
93 2 32
9 49 12
84 48 16
11 73 12
86 83 23
33 18 32
84 67 35
72 78 100
78 22 100
18 34 100
16 42 16
99 11 21
52 88 12
5 3 37
34 17 29
87 86 17
10 48 12
10 15 38
90 38 12
12 21 22
24 27 30
99 8 38
66 71 100
89 10 100
13 10 26
64 87 12
16 35 16
65 64 100
21 30 100
21 30 100
60 91 8
77 87 12
39 58 39
55 82 19
40 55 41
10 88 31
75 84 24
21 37 22
61 76 23
53 49 100
38 60 39
11 46 12
0 98 41
9 65 9
6 45 6
10 64 10
62 71 28
76 91 8
10 64 10
11 73 11
26 87 17
99 99 20
15 22 100
96 5 39
75 93 6
61 37 100
9 89 32
66 71 100
21 30 100
47 52 100
51 82 27
77 86 13
25 33 100
0 98 31
2 0 26
0 2 21
41 57 41
74 84 15
68 90 9
65 71 100
40 11 16
52 50 100
78 60 35
78 59 22
74 75 100
79 58 20
2 99 100
20 38 22
0 1 22
18 43 18
99 99 21
33 18 31
27 24 100
66 71 100
39 89 18
2 0 37
73 64 29
61 72 72
25 33 100
77 23 100
94 3 100
11 59 11
76 24 100
9 26 10
35 16 25
55 43 100
45 88 11
64 87 12
12 21 26
53 47 100
61 65 100
81 82 36
87 14 32
21 29 100
63 65 100
86 46 13
59 74 100
17 34 17
90 9 100
2 0 34
17 82 100
91 0 28
42 40 100
30 33 100
16 83 30
87 0 21
98 95 19
96 5 39
89 0 25
66 67 100
92 5 100
36 62 37
56 79 22
44 54 100
87 86 20
44 53 44
48 85 26
10 48 12
45 54 100
86 0 20
64 87 12
23 31 100
33 49 35
76 24 100
18 82 100
0 2 33
0 98 32
18 39 19
65 74 26
18 33 39
58 75 25
48 85 14
0 97 27
10 48 12
99 7 27
54 81 22
66 33 100
27 24 39
46 53 100
10 25 10
1 99 43
91 40 8
38 60 100
68 83 17
11 85 21
16 79 22
94 4 100
56 79 20
39 60 40
87 82 25
9 65 9
59 92 7
39 43 100
63 70 100
59 60 100
67 90 9
79 90 9
97 5 40
61 70 100
35 62 100
73 64 29
51 82 27
40 61 41
12 74 12
85 49 14
12 20 46
17 34 18
69 88 12
0 1 23
41 62 41
72 65 30
12 39 12
16 83 100
13 56 13
65 92 8
16 35 16
0 2 32
13 10 26
65 93 6
58 56 100
90 8 100
99 99 32
2 99 35
38 60 100
30 28 100
26 88 15
2 0 25
86 14 100
87 12 36
16 79 20
75 76 100
86 13 100
78 18 32
67 90 9
74 85 22
40 58 100
19 37 25
91 0 27
30 90 17
99 8 38
52 88 12
87 64 14
74 82 100
0 99 21
59 92 7
39 59 100
2 99 36
35 86 39
13 21 100
99 10 23
58 77 22
93 2 33
51 51 100
13 38 13
86 0 20
10 71 10
18 38 23
31 89 20
92 1 30
5 3 42
0 2 33
65 93 6
15 36 15
69 89 10
75 82 30
7 50 8
71 80 100
2 98 100
15 42 15
58 90 9
52 50 100
64 73 27
28 23 100
32 91 18
17 35 25
11 71 11
53 49 100
10 41 10
35 62 36
99 9 22
37 61 38
24 27 29
42 61 40
48 85 25
80 89 10
40 11 16
65 93 6
92 7 100
87 12 100
67 90 9
19 63 19
23 28 24
82 55 23
91 0 27
8 43 8
20 31 43
60 91 8
88 0 22
73 87 12
18 64 18
38 48 41
0 97 27
70 88 11
54 89 10
7 44 7
9 88 100
29 22 48
10 68 11
92 7 100
66 92 7
69 66 35
58 58 100
95 4 100
11 15 40
13 21 100
9 14 29
5 3 35
26 33 100
11 72 11
52 84 18
38 91 15
64 73 27
74 15 22
81 79 38
62 70 100
21 30 100
40 11 17
11 46 12
74 92 7
0 97 34
2 99 44
28 25 28
9 68 10
9 14 19
10 41 10
68 90 9
59 90 9
83 77 23
17 80 23
95 4 100
85 48 14
56 56 100
57 42 100
89 10 100
80 78 96
21 28 100
81 20 31
46 54 100
67 90 9
50 86 21
92 1 30
8 67 8
99 7 23
14 55 14
13 57 13
23 28 100
0 98 32
63 70 100
87 82 23
74 83 28
51 87 12
69 15 18
99 99 18
52 50 100
52 49 100
6 45 6
93 5 100
68 89 11
9 44 9
81 79 21
53 47 100
34 34 100
60 91 8
84 67 21
73 87 12
64 87 13
80 77 81
0 2 28
83 20 27
83 19 30
32 19 31
25 26 25
74 84 15
30 86 42
86 84 22
75 93 6
27 87 33
54 48 100
60 91 8
10 41 10
84 25 20
46 89 10
9 49 12
16 84 33
5 46 5
34 35 100
13 45 13
2 0 32
69 29 100
42 9 11
9 89 100
17 35 25
63 94 5
62 66 100
29 87 42
79 72 44
99 99 32
2 99 37
47 83 16
7 44 7
94 4 100
0 97 32
56 43 100
71 88 11
79 58 21
61 70 29
99 99 20
36 15 22
67 72 100
80 19 33
99 99 16
63 65 100
85 15 100
0 99 30
17 34 17
89 41 12
25 26 34
83 68 38
8 16 15
43 40 100
7 90 100
99 99 24
30 88 34
0 98 100
19 37 25
81 82 36
99 99 23
57 42 100
79 78 100
70 81 100
55 43 100
18 33 100
60 73 27
75 92 7
81 88 13
16 35 22
74 75 100
22 31 23
39 12 19
17 40 17
49 86 13
69 88 12
11 46 11
53 49 100
42 57 100
40 59 40
58 39 39
85 85 23
12 39 12
13 56 13
90 39 14
81 88 13
99 99 19
11 73 11
50 86 15
18 39 19
52 50 100
43 40 100
8 50 9
21 30 45
72 79 100
58 75 24
73 92 7
9 44 9
0 97 25
72 64 35
69 88 12
1 99 43
10 47 12
66 91 8
34 17 29
99 7 26
68 89 11
59 90 9
74 75 100
59 92 7
34 35 100
12 39 12
12 86 100
10 10 33
12 21 25
94 4 100
99 8 25
50 86 13
41 57 100
11 46 12
9 42 9
21 29 100
12 58 12
28 23 54
13 85 100
81 56 19
88 0 22
28 88 17
99 99 27
82 55 21
13 20 47
56 79 20
99 10 22
68 83 17
9 49 12
59 78 21
7 91 22
8 51 10
2 99 100
60 91 8
69 82 100
21 36 29
1 1 43
39 90 15
98 95 20
17 34 17
18 39 19
51 87 13
0 97 33
53 84 19
18 34 100
84 83 32
9 42 9
39 56 39
25 87 15
23 59 23
85 48 14
87 86 18
75 26 100
99 7 26
63 88 11
66 67 100
1 98 100
79 72 43
62 67 100
39 90 16
86 51 15
55 43 100
65 72 100
77 61 37
20 31 100
24 27 31
40 58 100
50 47 49
81 82 37
29 22 47
82 23 25
45 88 13
90 39 11
91 0 28
35 35 100
77 74 100
41 57 100
74 84 15
12 42 12
13 83 22
53 49 100
87 86 19
97 6 40
93 2 33
99 99 17
99 98 19
42 56 100
3 99 33
78 79 100
53 84 20
4 99 17
16 22 100
63 66 100
99 99 20
17 82 29
8 50 10
70 88 11
78 79 100
60 91 8
0 99 21
67 90 9
99 99 16
82 82 36
66 66 100
72 79 100
10 48 12
83 68 38
0 96 23
8 50 9
1 98 100
10 48 12
54 47 100
0 99 32
70 81 18
84 25 21
89 0 23
28 88 17
68 91 8
51 51 100
37 55 38
99 99 18
75 26 100
13 56 13
50 47 49
99 98 18
1 99 31
84 48 15
67 70 29
78 73 100
47 55 100
21 29 100
33 18 31
17 82 29
80 89 10
69 82 89
87 86 19
0 97 23
45 53 100
47 53 100
79 78 100
10 60 10
61 37 100
66 65 100
75 84 27
77 74 100
53 85 18
67 72 100
95 4 100
33 18 31
5 46 5
71 87 12
84 83 35
84 25 20
83 83 36
40 90 14
15 36 16
45 89 10
0 99 31
70 88 11
94 3 35
99 8 38
59 76 23
28 23 42
27 87 16
88 69 18
40 58 40
66 92 7
53 50 100
11 23 18
13 56 13
87 86 19
15 22 100
73 92 7
99 8 38
68 40 32
37 62 38
2 99 100
59 92 7
8 50 11
89 0 23
8 43 8
7 90 32
58 39 40
12 55 12
99 12 18
39 58 39
9 15 17
73 85 17
56 92 7
28 23 56
99 99 18
11 72 11
62 71 28
36 62 37
15 82 27
78 19 33
81 79 20
39 59 100
79 90 9
67 72 100
51 87 13
70 67 32
92 1 30
1 1 35
37 92 15
99 8 26
4 99 28
43 52 44
13 38 13
52 50 100
68 90 9
89 69 17
36 15 25
35 16 27
51 51 100
43 52 44
3 99 32
33 30 100
18 33 100
32 88 37
80 87 15
87 12 100
91 0 28
72 79 100
16 84 31
37 38 100
99 10 23
84 85 26
60 91 8
70 81 100
32 19 32
75 93 6
86 83 23
13 38 13
51 87 13
20 38 23
99 99 27
79 90 9
57 80 19
67 90 9
11 23 18
63 68 100
44 53 44
26 87 33
59 74 100
45 53 100
8 43 8
77 18 29
29 22 40
37 92 13
94 3 100
72 87 12
26 31 100
14 85 100
69 29 100
75 91 8
83 68 38
66 92 7
84 48 16
68 89 11
99 11 20
64 73 27
54 43 43
28 88 30
32 50 33
16 79 20
82 19 32
81 22 29
17 82 29
9 13 26
57 58 100
35 35 100
26 25 35
74 92 7
89 88 17
60 75 24
42 9 10
2 0 42
78 61 35
66 92 7
39 12 17
83 86 20
74 15 23
51 51 100
99 99 25
61 72 54
91 39 10
68 40 34
29 22 52
14 44 14
79 90 9
99 99 22
57 41 43
92 0 28
61 64 100
39 43 100
68 89 10
7 51 9
75 91 8
27 24 100
97 5 40
11 59 11
18 33 100
32 19 41
75 75 100
58 39 40
36 15 25
40 88 19
99 99 20
59 39 39
87 45 13
9 69 9
33 18 31
54 89 11
6 45 6
23 28 100
87 86 19
95 4 37
59 74 27
85 15 33
4 99 17
75 76 100
28 33 100
78 23 100
12 21 100
38 91 15
27 24 58
70 28 100
72 79 100
84 67 21
12 21 45
37 38 100
69 15 18
49 85 24
59 91 8
12 39 12
63 73 26
12 21 100
0 98 33
78 78 100
59 39 39
58 77 22
9 49 12
66 64 100
58 73 29
90 0 24
4 99 33
0 97 28
89 62 10
34 34 100
81 20 32
77 62 23
77 18 29
16 42 16
92 1 30
7 51 8
7 50 8
85 85 27
15 36 16
44 54 100
9 49 12
99 10 22
46 54 100
