1000
41 57 100
3 0 34
28 58 32
18 78 22
12 75 12
97 99 36
14 79 14
10 73 10
85 11 40
81 79 23
17 79 22
99 94 19
64 86 14
99 97 31
40 63 100
76 72 24
42 17 17
10 72 11
58 7 7
13 39 19
28 74 100
51 14 14
28 90 9
69 21 100
3 0 36
86 10 31
0 3 36
74 87 15
10 53 15
90 58 13
66 31 100
70 23 100
1 2 100
84 12 52
14 38 14
88 8 29
13 78 17
29 15 17
42 17 17
43 72 29
13 76 14
9 61 10
69 90 12
37 61 100
17 83 36
6 91 23
63 85 36
84 9 26
9 88 23
19 84 21
21 19 25
81 79 22
9 87 17
63 29 100
99 94 19
90 99 20
54 84 16
0 3 40
39 64 100
13 83 39
19 84 20
99 97 24
99 97 30
33 63 70
16 80 100
29 15 17
13 83 40
99 97 30
51 7 7
81 36 21
27 69 27
65 31 40
99 97 100
32 10 10
66 32 100
12 42 32
34 10 11
59 43 45
58 38 40
10 34 14
9 48 15
98 98 100
7 91 23
47 45 100
14 82 40
30 14 17
36 60 100
30 14 14
84 82 19
84 12 56
0 0 40
43 18 18
79 17 31
99 96 22
33 91 9
87 9 31
0 0 21
51 49 100
83 13 100
10 34 14
8 46 11
29 15 16
65 31 100
68 33 100
73 23 28
75 27 37
7 36 8
87 9 30
0 0 23
57 8 8
94 99 36
24 76 100
8 88 17
3 0 30
0 0 27
10 72 11
27 88 12
22 74 100
25 77 22
75 27 36
56 86 13
0 3 42
71 25 100
84 12 55
0 3 100
0 2 42
28 56 35
93 99 32
83 10 28
7 56 9
30 88 11
56 9 9
45 53 100
53 49 100
98 98 100
59 39 46
28 90 9
58 84 18
73 25 100
86 10 31
90 15 25
25 77 100
20 83 21
73 25 100
7 9 24
92 99 32
57 41 56
68 27 100
81 7 18
8 70 10
53 50 50
41 57 100
6 58 6
9 11 24
30 60 30
80 33 19
43 73 27
9 61 9
9 47 14
98 98 100
13 83 32
92 44 9
10 86 32
36 8 9
11 71 14
42 17 17
35 61 42
56 9 9
68 34 41
3 96 22
81 79 23
7 90 23
97 99 100
56 40 55
88 39 13
20 83 21
11 63 11
97 99 36
22 74 100
79 32 20
60 39 100
97 99 100
86 50 27
75 27 100
75 27 100
85 11 54
20 83 20
66 88 34
30 88 13
49 47 48
0 3 40
28 58 32
25 77 100
23 76 100
82 14 100
45 11 12
87 49 26
70 90 10
54 49 51
20 51 30
14 39 14
99 94 20
13 83 40
53 85 15
27 88 12
28 16 17
72 24 45
67 30 100
16 81 100
30 14 14
69 90 10
78 18 31
64 34 100
70 22 100
33 63 70
28 90 9
4 94 22
97 99 36
9 47 15
28 56 51
28 56 36
3 0 31
11 63 11
4 93 22
51 49 100
31 59 46
42 72 28
99 97 61
60 82 21
54 84 15
9 35 11
22 74 41
68 89 19
10 73 10
91 43 18
99 93 18
17 79 21
72 24 100
15 81 42
6 68 6
65 34 100
13 83 40
67 30 100
66 30 100
41 57 100
50 46 46
61 87 31
68 29 100
50 46 46
31 89 11
27 69 27
13 43 33
46 10 11
90 99 24
33 70 100
28 15 15
44 53 100
8 88 22
18 48 23
72 24 100
31 89 11
0 0 40
13 38 15
70 90 9
90 99 24
27 16 16
13 39 36
97 99 100
67 30 100
29 67 29
55 83 30
83 9 24
15 81 42
24 75 100
71 25 100
65 31 56
43 8 8
27 75 100
38 7 7
32 11 11
53 45 100
62 17 18
2 96 20
42 72 28
41 60 100
38 65 100
85 11 45
0 3 36
70 22 100
60 40 100
9 35 9
2 1 100
15 38 15
2 1 100
11 71 13
21 78 100
55 83 31
37 66 100
66 31 100
77 84 32
88 8 28
62 91 11
0 2 41
43 73 28
33 69 100
2 0 100
12 43 14
75 28 36
39 64 100
73 23 28
9 87 32
16 80 32
6 91 22
50 48 100
50 7 7
9 35 12
70 26 100
11 63 11
24 75 100
21 78 100
87 9 31
50 46 46
13 78 17
2 0 19
0 3 42
42 70 31
47 44 46
10 72 12
8 48 14
17 79 22
3 0 29
35 68 100
72 24 31
41 58 100
90 56 16
2 0 38
6 55 9
32 68 100
12 77 14
6 69 6
27 69 29
1 0 100
54 7 7
50 46 46
79 71 22
52 13 14
19 49 23
36 61 100
30 68 100
58 45 100
81 79 23
32 91 10
15 81 42
33 69 100
73 24 100
62 17 18
42 70 31
61 16 18
19 49 22
21 23 24
83 13 54
17 79 22
80 79 24
57 8 8
7 70 8
54 7 7
91 99 26
25 77 100
46 10 11
7 69 9
99 96 23
0 0 25
12 64 12
99 92 15
51 47 100
22 74 100
43 71 30
72 24 31
27 74 100
68 29 100
0 0 21
57 8 8
74 27 100
18 84 33
56 9 9
22 77 100
73 25 100
12 76 13
17 79 20
26 55 34
38 65 100
97 99 35
24 17 19
47 91 12
85 11 40
99 93 16
9 11 23
1 0 39
0 0 21
7 70 8
65 32 100
82 14 45
85 10 30
2 0 100
7 10 26
62 87 33
54 42 54
43 53 100
20 20 23
11 63 11
6 68 7
3 0 34
7 91 22
17 83 36
62 85 35
12 42 13
7 45 7
16 80 17
90 15 26
99 97 31
32 90 10
98 98 100
15 81 100
73 23 28
7 56 10
44 53 100
12 36 14
16 81 100
66 88 11
97 99 34
44 9 9
51 52 100
17 26 26
0 0 23
26 17 17
72 24 31
92 99 32
45 75 26
61 85 35
57 8 8
7 69 9
57 8 8
97 99 100
21 73 100
91 99 32
81 7 18
83 78 16
14 38 14
92 99 32
0 0 22
65 31 55
91 99 30
48 45 47
9 70 11
8 71 9
3 0 30
14 38 16
32 11 12
52 6 7
69 90 13
25 77 100
37 66 33
46 90 12
98 98 100
48 14 16
99 97 30
55 52 100
0 1 100
52 44 45
99 97 100
68 20 22
99 95 21
28 74 100
42 17 17
80 37 23
33 91 11
13 38 15
11 74 11
37 66 33
32 68 100
97 99 100
32 11 12
21 19 23
36 67 32
14 82 42
97 99 39
19 84 20
7 37 7
34 9 9
77 70 24
61 13 15
20 52 30
28 90 9
83 8 23
0 0 94
84 82 19
39 59 100
39 64 100
79 17 100
15 81 65
24 75 100
20 51 30
40 58 100
20 51 29
89 14 37
0 3 41
6 58 6
91 99 19
10 53 16
48 90 15
24 76 100
56 40 40
66 31 100
57 8 8
33 63 40
6 69 7
75 85 23
49 15 16
42 57 100
41 57 100
6 69 6
33 63 100
17 79 21
13 38 15
12 35 15
40 58 100
32 58 100
34 10 11
61 18 20
56 9 9
49 15 16
2 0 37
45 11 12
18 25 28
4 95 23
23 86 13
37 7 7
58 7 7
16 80 32
60 43 45
8 34 8
68 20 21
40 59 100
99 93 16
7 91 20
8 71 9
12 64 12
86 50 26
0 3 36
64 16 16
66 31 100
6 58 7
9 47 14
66 31 100
92 44 9
16 81 100
0 3 40
7 37 7
60 40 100
99 97 30
99 97 31
42 71 29
14 82 40
23 20 20
10 73 10
68 33 100
14 82 40
39 64 100
60 82 21
10 53 15
97 99 35
20 20 23
92 17 21
70 26 100
7 90 23
45 42 42
60 40 100
74 27 100
26 55 33
0 98 19
12 75 12
19 84 25
86 10 31
37 7 7
38 66 100
97 99 100
6 8 29
64 87 35
99 97 100
29 57 49
2 0 37
22 74 22
56 42 100
83 13 100
74 26 100
59 41 100
22 74 100
35 61 40
57 8 8
29 59 32
39 69 30
24 75 100
13 77 13
70 22 24
45 11 13
29 67 29
54 42 43
26 92 7
48 50 100
39 64 100
88 8 28
20 51 29
93 99 31
43 9 9
92 99 31
54 84 15
10 72 11
0 0 23
35 9 10
7 9 27
78 38 40
44 53 100
38 65 100
9 61 9
30 66 43
69 21 100
39 69 30
0 0 21
55 84 28
79 71 22
22 74 22
5 9 30
84 11 54
20 83 21
8 60 9
0 0 25
21 19 25
66 88 36
34 9 9
72 24 100
62 91 11
36 67 100
84 82 19
16 80 100
12 36 14
89 14 36
83 13 100
87 9 30
3 96 22
56 42 100
6 91 23
23 20 20
22 77 100
43 9 9
35 61 42
70 22 100
7 57 11
82 78 17
27 69 29
77 84 33
57 8 8
2 0 38
78 70 23
45 11 11
69 21 24
56 9 9
68 89 23
70 21 21
46 10 11
15 81 100
13 77 14
15 81 100
97 99 35
85 10 30
34 9 10
32 11 11
7 59 9
33 63 33
8 46 12
99 97 32
9 47 15
82 13 100
9 88 23
44 9 9
30 66 42
83 8 21
20 83 20
48 14 16
36 78 21
67 29 100
0 0 24
7 45 7
65 31 100
33 63 100
0 3 40
64 32 100
9 71 10
54 7 7
39 64 100
27 74 100
56 40 40
74 27 100
87 9 29
58 41 100
8 88 22
14 82 42
99 97 31
99 93 17
62 17 18
36 8 8
97 99 35
36 67 100
15 81 100
39 64 100
8 46 11
75 27 36
12 14 24
52 50 100
79 32 20
57 39 53
84 11 53
44 9 9
44 9 9
58 45 100
79 82 28
1 2 100
6 9 28
30 88 11
96 97 100
60 39 100
14 38 16
46 15 17
10 73 10
24 16 17
69 22 100
46 90 12
99 92 15
66 88 35
38 78 21
3 0 34
66 32 100
16 80 100
76 28 28
19 84 21
7 56 13
91 16 23
83 13 56
28 87 14
53 50 100
61 86 33
56 9 9
21 84 18
20 52 30
9 34 12
32 10 10
45 53 100
34 62 40
57 8 8
63 29 100
13 39 13
6 8 29
91 16 23
41 71 28
57 39 39
46 90 12
83 13 100
53 50 100
72 25 100
20 83 20
58 84 32
63 16 16
57 40 56
19 24 27
8 11 25
40 63 100
41 58 100
20 72 100
34 9 9
40 67 100
65 32 100
13 83 35
16 80 100
19 84 20
26 73 100
0 0 40
53 49 51
47 91 12
93 99 31
55 83 31
10 88 19
80 16 31
9 88 20
99 96 22
9 11 23
99 97 29
60 82 22
0 2 42
42 70 31
8 88 22
86 10 31
26 92 7
8 34 11
3 0 35
6 58 7
45 52 100
90 15 27
57 8 8
91 43 18
82 13 100
37 7 7
83 11 43
79 31 20
76 28 27
65 31 55
91 57 13
80 78 19
68 89 23
48 8 10
99 97 31
81 79 22
6 68 6
88 39 13
97 99 35
39 17 17
64 86 36
17 26 25
99 97 33
8 60 10
10 71 12
95 99 36
81 79 23
28 16 17
12 42 13
0 0 22
37 66 100
76 72 24
24 75 100
19 24 27
14 38 14
59 43 51
26 55 34
6 58 6
16 80 29
43 73 27
63 29 31
6 90 21
44 53 100
8 46 12
33 10 10
66 88 35
73 25 31
45 53 100
94 99 37
49 15 16
67 33 100
96 97 100
61 86 33
6 91 23
26 78 100
93 99 35
16 80 100
8 88 22
40 67 100
53 50 51
60 43 46
14 79 16
0 2 100
22 21 21
8 34 9
88 8 28
7 10 26
79 71 22
29 58 34
0 3 30
44 74 27
85 51 26
9 47 15
43 73 27
65 31 100
89 14 37
30 88 13
1 2 100
50 48 100
6 90 19
12 36 14
43 70 32
23 86 13
84 12 55
27 57 32
27 74 100
69 21 100
66 31 100
86 51 25
72 24 31
15 78 15
83 9 24
12 36 16
60 52 49
61 86 33
80 78 23
46 15 18
31 26 27
10 33 11
72 24 31
20 20 23
7 9 25
7 90 21
51 47 100
35 62 100
0 0 26
36 8 9
69 20 20
6 8 29
1 98 20
51 45 45
99 96 22
6 69 8
33 91 11
99 96 22
0 0 22
43 53 100
18 78 22
99 97 32
6 9 24
6 69 8
0 3 42
31 89 11
6 68 6
14 38 16
30 66 31
9 48 16
58 41 100
37 66 100
28 87 12
23 86 13
59 83 20
69 22 100
2 0 37
56 9 9
75 27 100
68 34 46
72 24 100
89 14 29
10 72 11
93 99 31
6 90 21
34 10 11
75 86 19
62 91 11
68 34 37
42 17 17
26 92 8
23 76 100
3 96 23
84 11 54
3 0 35
87 9 31
58 38 38
73 24 100
28 70 100
23 76 100
15 81 100
10 12 23
55 41 55
30 68 100
26 78 100
43 73 28
35 61 42
35 60 100
33 91 11
18 84 30
47 91 12
28 16 16
10 45 14
66 30 56
85 11 40
22 74 100
1 97 19
21 19 23
86 51 26
37 66 100
30 66 40
78 70 23
20 83 21
49 47 48
7 45 7
36 67 100
95 99 29
62 17 19
10 34 14
61 16 18
0 3 41
38 7 7
73 23 26
50 46 46
21 19 23
39 64 100
11 63 11
7 69 9
52 50 100
