1000
48 56 100
99 10 31
37 48 37
56 14 25
62 53 37
98 8 38
7 49 7
0 99 19
18 41 18
36 23 23
99 10 25
38 47 38
1 3 30
36 23 51
45 44 100
61 73 37
12 46 12
0 99 30
64 19 20
88 0 43
65 75 100
99 13 20
12 84 17
82 15 100
19 40 19
14 20 30
27 51 27
10 45 10
11 45 11
51 8 8
31 36 100
26 32 100
71 87 100
0 99 53
14 56 14
17 41 17
89 0 45
23 35 23
32 26 30
11 92 41
47 11 11
21 66 22
6 52 6
55 61 100
14 19 34
10 51 10
20 39 20
16 17 34
0 99 44
17 89 43
17 41 17
90 0 38
7 49 7
36 33 100
54 16 19
28 77 28
7 52 7
17 42 17
53 59 100
17 42 17
48 10 10
99 10 26
25 33 30
0 99 54
82 15 100
14 56 14
91 0 49
0 99 44
53 16 17
17 17 30
10 46 10
12 16 34
0 99 100
47 11 11
35 37 100
99 10 26
42 16 17
39 50 41
92 0 48
17 89 29
47 11 11
95 6 100
17 16 34
39 43 100
91 0 51
87 0 36
54 62 100
8 50 8
26 75 27
0 99 100
82 81 100
46 10 10
9 93 47
85 80 32
46 66 36
17 42 17
19 14 29
46 47 100
0 99 100
9 54 9
19 91 23
59 68 40
36 37 100
30 34 100
6 52 6
12 48 12
9 55 9
0 99 37
10 48 10
84 26 23
12 49 13
78 81 100
50 9 9
89 0 46
11 48 11
0 99 30
10 53 10
36 23 100
99 13 21
62 18 35
99 15 18
92 0 51
31 26 100
30 28 47
95 9 100
17 21 41
84 89 49
60 16 32
0 99 44
4 0 30
47 11 11
84 25 25
49 55 100
52 58 100
71 87 100
0 99 47
14 56 14
99 13 22
26 32 100
56 14 31
51 8 8
25 33 100
9 50 10
25 33 100
22 67 23
99 11 24
0 99 53
28 30 100
20 92 21
7 52 7
9 44 9
48 56 100
27 31 28
47 60 41
5 44 5
51 7 7
16 43 16
43 15 15
10 46 10
94 7 100
60 74 58
5 44 5
34 24 29
7 40 7
14 56 14
24 34 24
75 84 61
78 15 22
99 8 33
45 44 44
0 99 36
11 48 11
0 99 100
92 1 53
88 45 11
36 23 23
99 13 21
98 8 39
73 85 100
12 83 16
44 39 100
75 83 100
16 88 31
24 34 100
73 85 100
14 19 37
44 14 14
0 99 30
12 46 12
12 46 12
16 44 16
11 47 11
75 83 100
76 82 100
71 87 100
18 40 18
99 13 21
9 57 9
40 49 40
12 46 12
10 30 10
19 57 19
99 9 32
8 39 8
21 66 23
64 18 32
70 88 69
31 34 100
73 85 100
7 49 7
89 93 20
60 16 32
36 41 100
79 84 100
29 29 100
7 52 7
17 89 29
47 59 59
3 1 34
9 94 49
89 0 47
11 14 33
44 43 43
47 11 11
46 47 100
92 0 48
0 99 37
23 35 33
79 87 24
65 93 20
85 41 14
81 86 57
87 93 42
11 58 12
7 40 7
18 66 19
29 53 29
21 37 100
98 7 100
86 25 21
37 40 100
5 95 46
31 35 100
96 5 100
51 56 100
99 9 32
25 33 25
29 30 100
23 36 23
8 50 8
78 86 24
25 33 27
11 23 20
68 90 26
65 75 100
48 10 10
49 55 100
11 49 11
88 92 22
31 26 100
6 51 6
96 5 100
14 53 14
45 40 40
20 92 21
99 11 24
14 19 30
18 21 100
31 34 100
9 51 9
9 11 33
27 51 27
0 99 54
78 81 100
27 31 100
74 85 100
7 49 7
77 81 100
61 72 36
6 52 6
52 58 100
12 58 13
87 78 15
85 80 38
45 46 100
55 61 100
27 41 27
30 47 30
33 25 100
39 41 100
25 33 25
23 35 100
8 41 8
23 35 100
17 16 34
36 23 100
15 44 15
59 67 100
31 36 100
16 43 16
23 72 23
0 99 18
71 87 68
3 2 34
62 73 100
95 7 100
10 51 10
54 16 25
40 43 100
67 22 38
10 13 33
16 44 17
19 57 19
51 57 100
78 86 23
68 21 35
27 31 100
56 13 17
78 82 100
34 25 100
57 67 54
99 9 31
63 18 36
65 20 31
81 86 57
23 36 23
6 95 22
33 25 28
9 54 9
30 47 30
89 0 45
60 74 100
44 15 19
51 56 100
1 3 29
24 34 35
11 78 11
60 74 100
10 48 10
87 44 13
48 10 11
73 85 100
10 30 10
13 16 35
88 0 37
87 44 13
20 13 27
59 67 100
63 72 100
39 43 100
58 70 37
6 52 6
35 23 55
62 74 100
26 32 100
47 11 11
44 15 67
2 98 21
42 16 17
10 46 10
47 59 60
56 14 26
34 24 26
11 60 12
6 52 6
7 40 7
10 56 10
25 33 100
12 58 13
57 12 15
60 16 32
16 43 16
64 53 35
21 12 25
51 57 100
72 86 100
12 49 13
17 42 17
67 76 100
28 31 100
89 93 19
87 0 26
75 83 100
83 88 51
83 28 21
80 81 100
80 84 100
47 11 12
56 70 35
99 10 26
55 61 100
19 40 19
88 0 43
65 18 20
82 88 53
99 14 19
19 91 23
25 33 37
6 53 6
16 42 16
43 37 100
81 86 56
90 0 50
23 35 100
14 26 21
12 17 30
92 0 53
50 54 100
3 1 34
15 43 15
38 46 38
54 63 55
83 82 36
0 99 45
36 23 26
4 3 36
6 41 6
5 53 5
54 16 18
19 40 20
8 38 8
21 37 100
95 6 100
14 86 21
7 43 7
49 55 100
18 64 19
33 25 100
7 40 7
53 64 58
35 24 24
46 47 100
87 77 16
64 19 32
9 47 9
99 10 27
57 13 19
40 9 10
28 30 34
13 55 13
84 26 23
11 78 12
92 6 100
73 85 100
14 27 20
6 53 6
12 54 12
36 23 23
63 18 32
8 50 8
32 26 49
0 99 25
8 50 8
88 92 41
8 58 9
89 0 45
49 58 51
12 54 12
86 0 15
87 78 24
94 6 100
3 97 49
0 99 20
4 96 100
88 93 22
52 64 56
52 58 100
80 79 100
14 18 34
23 35 100
3 2 35
57 13 20
65 75 100
99 13 22
48 11 12
6 52 6
46 13 14
58 10 12
43 16 65
61 72 100
19 22 100
7 52 7
58 14 26
10 56 10
15 18 39
16 19 40
85 41 14
9 55 9
1 98 20
5 53 5
6 39 6
33 25 28
27 76 28
19 14 30
81 85 100
48 10 10
44 48 100
53 59 100
73 85 100
0 99 54
79 83 100
30 47 30
51 56 100
48 10 10
17 42 17
51 62 61
87 76 16
89 93 19
56 12 13
8 50 8
76 82 100
0 99 45
32 36 100
7 52 7
82 81 48
9 55 9
7 41 7
60 74 35
50 54 100
48 56 100
55 74 28
2 97 100
10 52 10
10 48 10
3 1 34
45 46 100
61 72 100
43 15 16
66 92 23
66 92 23
17 89 31
0 99 53
88 92 41
4 0 31
57 13 19
87 76 17
9 47 9
11 22 19
12 17 31
4 3 34
11 80 11
47 12 13
45 46 100
91 0 36
87 44 13
5 53 5
11 61 11
15 86 28
34 24 28
24 52 24
31 36 100
9 57 9
57 13 18
31 36 100
67 22 22
22 36 100
52 63 59
9 37 9
37 41 100
0 99 44
0 99 52
39 50 40
15 18 39
11 62 11
17 66 18
80 79 100
19 40 19
53 59 100
13 53 13
93 1 25
18 41 18
15 43 15
5 0 29
29 30 100
99 10 26
34 25 25
38 40 100
80 81 100
85 89 47
78 15 22
48 10 10
24 34 25
44 15 25
40 9 10
55 62 100
4 96 100
57 69 55
85 90 48
95 3 100
57 69 59
35 23 54
30 47 30
39 43 100
81 81 100
73 85 100
38 42 100
19 22 100
91 0 51
43 15 15
13 21 25
10 13 33
77 81 100
40 49 40
68 21 38
84 83 36
9 50 9
25 33 26
5 53 5
50 54 100
53 59 100
21 38 21
16 42 16
19 57 20
17 41 17
12 46 12
6 52 6
12 46 12
8 50 8
27 76 30
99 11 24
3 1 34
49 55 100
55 61 100
64 19 28
0 99 54
25 33 100
31 27 34
12 28 13
12 21 24
38 47 38
36 23 25
60 16 31
0 99 54
37 22 22
35 24 24
67 91 63
17 89 44
14 55 14
66 92 22
27 32 100
0 99 18
61 72 100
11 23 18
23 35 100
67 91 25
10 94 40
73 85 100
11 48 11
43 15 15
40 42 100
22 36 22
99 13 22
80 81 100
19 14 31
33 25 50
23 35 100
8 50 8
11 60 12
85 41 14
13 21 27
80 87 41
21 37 29
17 66 18
10 45 10
25 33 27
14 56 14
19 14 31
67 22 34
6 44 6
28 30 100
87 0 35
93 5 100
99 9 32
11 14 34
12 28 16
6 52 6
26 51 26
12 49 12
7 42 7
21 38 25
39 50 39
72 86 100
9 12 32
0 4 26
21 38 25
26 75 28
56 73 31
49 58 41
11 78 12
28 31 100
88 0 38
58 10 13
34 36 100
92 4 100
17 42 17
36 41 100
7 52 7
51 8 8
45 44 100
67 76 100
11 92 48
33 25 100
13 21 25
38 42 100
39 20 20
52 64 64
41 50 43
48 10 10
59 68 40
3 98 21
11 14 35
60 69 100
0 99 100
53 59 100
12 84 16
17 89 44
19 90 25
45 48 100
47 11 11
98 9 35
15 18 40
6 44 6
10 55 10
39 43 100
20 56 21
72 86 100
47 12 13
67 21 36
79 80 100
37 40 100
10 52 10
34 25 27
17 66 18
20 56 20
79 80 100
24 52 24
6 39 6
58 69 38
6 95 20
26 32 32
32 37 100
75 83 100
9 51 9
14 52 14
87 0 35
41 10 12
94 3 100
86 80 31
51 57 100
13 47 13
12 21 24
11 29 12
67 21 37
60 74 34
84 40 16
50 54 100
47 59 58
18 40 18
37 32 100
65 93 19
62 17 34
12 54 12
37 22 23
19 66 20
46 10 10
0 99 100
51 57 100
34 25 100
67 22 37
17 42 17
99 14 19
16 21 40
8 50 8
66 92 23
45 44 100
51 56 100
87 11 100
16 88 23
59 67 100
36 37 100
82 88 53
84 13 100
11 45 11
75 81 100
80 79 100
84 89 49
5 47 5
35 23 26
16 44 17
82 29 21
44 15 66
85 41 14
46 13 14
41 10 12
99 10 26
56 12 14
16 21 40
83 87 51
55 14 24
44 15 20
6 51 6
87 44 13
28 30 36
85 40 15
50 54 100
26 32 27
8 43 8
8 41 8
94 7 100
8 39 8
52 63 63
93 1 23
13 58 14
97 5 100
87 76 17
48 10 10
11 45 11
14 86 19
82 87 53
23 61 24
8 55 8
6 39 6
29 29 38
9 47 9
10 12 33
6 39 6
47 59 60
2 2 33
48 10 11
25 33 28
67 91 56
37 48 37
11 49 11
0 99 26
59 67 100
11 60 12
79 82 100
57 13 18
29 53 29
1 99 53
57 69 56
11 45 11
56 14 26
89 0 38
43 16 63
16 17 32
49 55 100
11 45 11
65 93 19
12 46 12
14 56 14
50 56 100
12 49 13
0 99 31
31 36 100
23 35 100
23 35 23
11 47 11
25 33 100
12 48 12
25 33 100
46 14 16
60 69 100
87 92 42
17 42 17
6 52 6
0 99 100
17 41 17
85 27 20
88 0 37
40 49 40
9 54 9
89 0 46
0 99 37
90 0 36
83 28 21
29 53 29
9 44 9
34 36 100
19 57 21
18 65 20
87 11 100
48 57 100
9 44 9
2 2 33
20 39 20
65 93 19
18 21 75
69 89 63
67 76 100
23 35 100
38 33 100
12 28 16
10 93 48
7 40 7
99 11 24
39 20 20
28 77 28
17 42 17
86 78 29
9 51 9
6 44 6
86 0 15
13 51 13
16 88 31
0 99 30
17 16 34
52 58 100
60 69 100
13 21 27
11 29 14
10 63 10
36 23 25
14 70 15
84 88 48
46 13 14
11 45 11
58 11 14
47 66 50
17 17 32
50 54 100
9 11 33
0 99 53
40 9 10
82 85 21
82 85 55
0 99 20
88 44 11
99 11 24
24 34 24
54 16 19
40 42 100
55 62 100
47 11 11
6 44 6
4 0 32
75 83 100
82 85 55
7 43 7
92 6 100
4 95 45
31 26 100
21 37 21
86 78 29
88 0 43
0 99 30
11 22 22
56 12 13
2 97 18
19 40 19
15 60 16
16 67 17
79 82 100
5 0 31
71 87 100
91 0 49
12 49 12
43 15 15
33 25 100
65 75 100
76 82 100
18 21 100
51 8 8
94 2 100
65 75 100
87 11 100
14 56 14
21 38 26
59 68 100
19 64 20
13 20 28
86 42 13
18 89 28
88 0 41
25 33 100
12 16 34
79 80 100
36 23 23
16 88 35
2 2 33
36 40 100
99 9 34
18 40 18
99 11 24
11 49 11
88 44 11
61 72 100
11 48 11
47 11 11
0 99 26
34 25 27
36 22 52
6 39 6
99 14 19
48 59 51
14 53 14
44 46 100
8 50 8
19 90 26
51 56 100
