1000
60 44 100
42 17 30
79 60 33
96 98 40
89 33 13
0 3 36
90 35 10
46 47 25
69 37 32
0 4 29
85 53 20
4 72 29
64 65 33
69 37 32
49 47 100
37 5 19
37 5 18
86 52 13
83 87 23
6 74 36
70 29 100
66 10 10
84 52 15
37 17 100
82 55 31
7 75 40
57 26 26
59 5 5
51 9 9
94 40 5
68 36 100
46 23 100
79 47 100
68 36 35
36 6 22
84 52 19
29 58 43
44 42 44
27 60 32
99 0 37
26 16 42
85 23 16
34 62 29
64 54 100
58 26 26
85 89 38
54 24 24
99 1 35
99 1 37
75 13 25
27 15 41
65 9 9
72 32 28
25 72 100
85 53 16
54 22 22
5 0 35
81 57 32
63 54 100
58 26 26
30 11 32
73 41 26
95 92 47
74 41 55
13 84 100
85 53 16
62 30 32
89 97 36
60 5 5
50 10 10
82 18 20
32 14 37
2 2 100
57 5 5
27 69 100
81 58 32
46 14 19
32 56 46
59 28 28
98 0 27
85 22 21
13 86 100
74 12 20
52 36 100
90 97 38
57 25 25
63 57 100
93 62 15
65 8 8
2 2 40
3 1 42
84 52 15
31 12 36
23 19 36
88 6 21
85 53 23
68 69 33
60 44 100
67 25 100
99 0 23
61 6 6
81 18 23
28 67 100
19 76 100
84 52 15
79 15 32
38 6 17
30 57 43
73 11 17
40 38 17
81 57 31
69 27 100
93 41 6
21 90 42
0 4 30
99 70 19
11 87 51
13 81 100
84 86 32
54 24 24
44 44 18
81 15 36
69 27 100
10 78 48
13 86 100
38 15 36
7 75 38
81 58 32
1 0 39
88 49 11
94 62 14
73 33 29
60 44 100
62 39 100
9 77 100
8 75 43
91 44 8
77 45 23
86 88 100
42 42 42
0 1 28
49 23 100
87 87 39
14 83 100
55 23 23
76 46 24
62 30 32
73 31 100
90 35 10
37 5 19
29 97 24
55 40 100
62 7 7
86 51 13
58 4 4
36 96 16
62 30 30
35 95 18
86 54 14
37 17 100
89 97 36
72 11 11
81 57 31
77 10 15
5 73 33
72 11 13
74 42 27
13 28 14
89 97 36
67 10 10
66 67 41
99 1 36
3 1 42
42 17 34
8 34 8
96 99 37
89 7 25
33 13 39
53 22 100
53 21 21
56 32 100
1 3 38
84 52 15
37 17 100
76 44 100
34 12 36
24 93 35
78 60 29
99 70 17
20 91 41
81 57 32
98 72 26
14 82 100
14 82 100
91 95 100
96 99 35
11 87 45
91 44 8
99 0 37
28 58 42
78 46 21
74 12 20
82 56 32
57 5 5
43 41 43
99 1 32
82 56 32
22 74 100
10 78 100
99 0 21
93 41 6
99 0 37
30 64 100
13 81 100
69 36 46
27 15 33
99 2 27
42 17 33
55 23 23
21 89 43
69 37 32
84 12 35
87 25 12
74 42 25
53 42 100
83 55 30
67 35 33
42 17 34
26 16 23
61 6 6
15 89 39
8 76 44
33 62 31
90 8 23
94 10 16
87 99 26
74 12 20
91 94 100
1 3 38
3 71 22
29 65 100
11 87 55
24 73 100
60 27 100
60 44 100
82 15 37
55 23 23
72 29 100
89 97 35
78 47 21
28 13 28
81 19 37
31 56 20
61 6 6
70 29 100
77 61 30
59 44 100
70 38 29
99 68 15
49 25 100
61 6 6
16 85 61
97 73 28
64 9 9
87 25 12
7 80 43
67 35 35
2 2 100
19 76 100
98 97 39
43 41 43
78 14 23
1 0 41
16 79 100
73 32 100
9 77 46
57 5 5
18 77 100
93 41 6
88 48 11
50 51 100
93 62 15
28 13 30
69 37 31
50 39 100
64 54 100
32 14 38
57 26 26
50 24 100
64 39 100
67 34 33
91 94 100
90 59 15
60 27 100
65 66 38
76 44 100
71 39 28
64 35 100
25 72 100
28 14 40
68 69 33
46 47 24
60 28 28
28 60 44
25 72 100
9 77 100
22 20 34
5 73 34
62 39 100
98 0 30
82 18 38
80 18 38
46 14 20
62 46 100
50 10 10
99 0 23
73 48 100
76 11 18
15 82 100
51 23 100
30 58 44
83 55 28
4 0 36
4 72 28
3 1 41
21 89 43
99 96 40
26 16 42
31 10 30
85 53 23
0 3 33
26 70 100
51 23 26
56 39 100
67 10 10
3 1 42
93 61 13
25 72 100
70 38 29
46 14 17
72 66 40
16 85 100
40 35 17
57 25 25
61 29 29
33 63 28
83 87 24
56 32 100
67 30 100
47 49 100
85 21 23
63 6 6
81 15 36
65 30 100
76 57 100
96 99 36
68 36 34
65 8 8
34 62 23
0 5 24
94 93 46
4 0 40
85 89 38
37 5 18
55 23 23
99 0 21
62 7 7
88 89 100
90 6 26
31 97 22
0 2 34
86 88 37
7 80 21
33 97 18
62 39 100
54 22 100
28 13 39
30 57 46
72 29 100
71 30 100
24 63 15
74 64 36
53 22 100
13 87 53
90 58 14
46 23 100
44 21 100
21 20 33
76 12 21
80 16 35
35 60 100
44 18 30
22 91 39
93 42 6
4 0 43
59 5 5
34 62 29
60 27 27
3 71 23
99 0 21
29 66 100
8 75 43
81 14 35
3 2 100
83 21 24
22 91 39
61 29 30
59 43 100
46 14 20
40 38 15
82 19 19
1 0 40
27 96 29
94 92 46
31 56 44
44 42 44
50 20 20
92 43 7
66 9 9
82 55 31
70 6 6
91 93 100
9 77 100
67 10 10
16 25 18
59 44 100
37 6 21
91 96 100
89 47 10
6 6 39
67 34 34
55 40 100
37 5 17
5 73 31
5 0 34
6 5 39
85 21 23
57 5 5
43 17 29
87 87 36
94 62 14
58 5 5
58 26 100
11 79 100
99 73 20
62 7 7
9 33 9
35 7 24
4 0 36
64 32 33
17 86 55
65 8 8
93 63 17
65 9 10
62 30 30
81 57 31
0 4 28
87 24 13
28 13 26
73 33 29
57 25 100
94 93 46
81 18 21
73 32 100
92 42 7
7 8 37
47 48 100
16 85 100
4 0 43
2 2 100
22 19 36
99 71 23
72 29 100
67 68 34
64 65 37
3 71 26
29 58 43
37 5 17
12 87 54
25 71 100
10 78 100
90 59 15
84 52 19
62 7 7
17 86 50
81 17 38
45 43 21
87 24 12
99 71 18
82 19 18
90 45 9
0 5 26
92 60 14
62 7 7
10 78 63
95 63 14
53 48 100
63 54 100
11 79 100
81 17 38
15 83 100
99 71 24
52 39 100
97 0 25
75 13 25
80 16 36
90 38 9
88 26 11
46 46 24
75 12 17
15 82 100
0 4 35
64 32 100
85 20 17
6 5 40
92 43 7
66 9 9
5 0 36
56 40 100
53 43 100
8 8 29
72 39 100
65 66 38
28 60 41
18 23 26
61 44 100
26 70 100
82 19 24
99 73 22
31 10 31
23 92 37
8 76 44
73 11 17
88 48 11
99 68 15
15 26 18
88 49 11
93 42 6
69 37 32
99 71 23
39 35 15
57 25 25
50 39 100
62 7 7
45 43 21
68 36 31
70 7 7
18 23 25
30 12 36
91 45 8
64 31 100
14 90 40
73 11 15
53 29 100
37 5 17
6 5 100
0 1 38
83 18 18
45 36 100
83 55 27
52 22 28
43 41 43
18 86 49
94 41 5
65 8 8
53 21 100
82 15 37
50 51 100
94 41 5
33 97 18
52 22 25
84 90 32
94 41 5
49 25 100
50 24 27
70 7 7
55 32 100
13 84 100
79 18 35
77 10 14
99 0 22
96 74 33
62 30 32
90 58 13
34 62 100
61 26 100
1 0 34
76 46 24
60 27 28
52 22 25
5 4 40
84 20 31
46 41 100
4 4 100
91 95 100
55 32 100
6 5 100
94 93 46
58 5 5
0 4 28
84 12 36
19 76 100
99 71 18
73 11 15
84 22 22
0 1 31
44 43 44
70 6 6
53 43 100
63 39 100
99 2 26
36 5 20
98 0 35
65 67 33
28 96 28
67 10 10
20 21 31
44 43 44
99 0 22
97 98 38
98 0 32
59 44 100
35 60 100
32 97 21
8 76 44
88 90 100
6 74 36
94 10 15
85 89 35
7 80 40
21 90 42
96 99 39
33 13 39
74 64 41
63 31 31
23 92 37
23 19 37
74 13 24
17 24 19
15 83 100
7 9 27
67 38 100
59 5 5
12 85 100
99 71 22
99 1 35
92 95 100
81 19 37
87 24 13
47 37 100
4 0 37
85 87 36
15 83 100
45 43 45
42 17 34
54 22 100
88 49 11
91 59 14
88 49 11
59 28 28
0 5 25
61 29 30
17 24 19
15 89 40
75 13 26
66 67 37
41 39 41
64 9 10
61 6 6
92 96 100
18 23 26
60 27 100
19 87 47
82 15 37
73 33 29
92 43 7
1 0 30
96 90 49
7 9 27
90 97 38
37 6 21
91 93 100
68 36 33
3 71 23
81 52 30
85 53 14
27 59 19
45 43 25
99 71 18
72 29 100
43 41 43
61 6 6
69 49 100
92 96 100
82 56 31
29 65 100
86 22 14
64 9 9
52 51 100
18 78 100
21 90 42
13 81 100
37 9 24
46 36 100
66 67 41
82 54 31
29 58 46
41 39 19
4 72 29
15 26 18
35 12 32
64 32 100
81 17 38
61 36 100
70 7 7
85 53 22
65 8 8
60 44 100
18 23 20
81 53 31
68 36 35
65 8 8
29 97 24
61 36 100
85 53 20
9 77 100
98 0 35
87 50 12
91 93 100
31 64 100
34 8 26
1 0 32
46 14 18
64 32 33
61 27 100
50 10 10
82 56 19
5 0 37
66 10 10
81 17 38
27 70 100
88 90 100
73 11 18
15 89 48
99 96 40
35 95 19
81 17 66
85 21 23
62 39 100
39 15 30
29 59 41
92 60 14
46 14 20
84 86 32
46 14 17
60 44 100
68 36 34
28 60 40
18 77 100
58 5 5
37 11 28
62 7 7
55 23 23
66 9 9
65 8 8
79 47 100
62 45 100
75 42 100
76 12 19
52 22 22
40 38 15
81 17 38
23 18 36
0 5 25
49 47 100
60 44 100
10 78 100
95 75 25
64 33 100
53 30 100
34 15 36
88 90 100
37 5 20
18 78 100
39 15 35
88 97 34
19 92 21
41 43 41
30 57 45
20 91 19
83 55 28
46 14 19
80 60 32
61 6 6
85 53 23
91 44 8
60 28 28
70 38 30
3 0 39
54 24 24
57 5 5
84 86 32
29 58 46
89 6 22
55 40 100
93 62 15
5 0 35
99 68 15
6 5 100
99 73 19
32 14 40
31 55 16
99 96 41
9 77 46
64 67 20
93 62 15
99 3 23
23 64 15
35 12 32
85 21 20
58 4 4
88 26 11
81 15 36
96 99 34
42 43 42
88 48 11
91 96 40
73 11 15
53 21 21
96 91 49
5 73 33
83 21 31
55 23 23
87 50 12
64 33 100
28 56 16
15 82 100
65 9 9
94 7 21
1 0 40
30 57 43
27 57 16
70 38 30
72 35 28
54 24 25
23 92 37
59 44 100
78 47 21
74 13 14
93 63 18
93 64 21
58 43 100
0 1 37
85 53 19
25 72 100
55 23 100
96 74 30
84 52 20
12 80 100
28 13 39
87 89 100
35 11 30
67 51 100
16 91 45
28 14 40
81 18 22
91 96 100
4 72 28
94 10 16
98 0 31
99 72 22
37 5 19
37 12 30
76 14 28
27 15 27
50 20 20
28 60 41
4 72 28
27 70 100
21 90 41
67 35 33
90 93 100
52 47 100
14 90 40
76 46 24
71 39 28
68 69 21
39 15 35
88 97 33
48 27 100
53 22 100
71 47 100
27 15 27
96 91 48
75 12 14
73 11 17
84 20 31
99 68 14
96 91 48
20 21 31
75 63 38
89 33 10
99 96 40
6 74 36
28 58 39
66 67 38
18 23 26
52 36 100
63 32 100
34 9 28
77 45 22
99 0 20
88 97 34
0 5 24
7 75 40
82 20 34
87 24 12
90 35 10
85 53 20
53 21 21
58 43 100
85 89 38
76 44 27
63 65 24
47 13 16
81 15 36
55 23 23
90 38 9
79 60 33
84 20 31
84 52 18
46 51 100
64 57 100
99 1 29
94 40 5
65 8 8
87 88 100
79 18 37
99 71 18
9 77 100
82 56 32
15 82 100
0 4 28
5 0 36
83 21 31
97 98 38
53 21 21
58 5 5
9 33 9
84 54 25
78 60 27
92 60 13
75 52 100
86 52 13
93 94 99
0 4 35
85 12 36
96 99 34
74 41 100
72 48 100
48 24 100
93 94 100
20 21 21
40 15 34
70 29 100
90 93 100
74 12 22
81 52 30
29 66 100
62 7 7
0 1 36
72 11 11
86 22 16
43 41 43
92 96 100
90 97 38
86 88 100
91 44 8
37 6 21
55 23 23
64 33 100
70 38 30
90 8 23
85 53 17
6 74 36
13 28 14
47 30 100
99 0 37
62 30 30
87 50 12
80 58 24
35 12 34
99 67 13
16 88 28
6 74 36
37 9 24
62 45 100
99 68 15
81 57 22
50 39 100
