1000
53 51 100
13 16 32
33 18 19
14 37 16
89 73 10
99 2 32
14 59 15
99 5 21
86 88 35
73 78 22
3 99 29
0 97 23
0 96 22
61 61 39
42 45 100
16 13 21
13 18 24
55 58 47
59 92 9
82 69 18
27 32 100
60 16 25
60 91 9
80 71 100
85 88 40
99 4 28
3 99 37
89 45 12
7 36 7
65 10 14
69 65 100
78 74 100
2 98 100
16 16 61
62 89 21
90 92 23
82 69 18
41 89 42
17 34 17
89 91 27
34 17 18
2 99 27
49 10 13
63 61 100
15 18 58
99 4 25
0 96 31
90 92 23
88 91 28
87 62 12
39 12 12
92 68 7
34 7 8
70 67 100
7 6 26
34 7 8
87 53 17
42 45 45
62 60 100
36 39 42
52 49 56
81 70 18
59 56 46
27 24 100
27 24 100
46 13 16
99 3 31
87 89 28
45 6 6
14 19 23
45 6 7
99 3 29
98 1 100
9 68 10
68 64 100
88 63 11
6 6 24
3 99 37
78 73 21
82 69 17
93 95 22
98 2 100
89 62 10
38 41 100
29 25 65
11 43 13
64 61 100
83 86 20
93 67 6
97 0 100
17 17 100
9 68 11
13 15 30
38 41 41
99 5 21
39 37 37
44 7 7
43 46 100
98 1 100
91 60 8
91 71 8
9 42 9
68 64 100
75 72 100
16 83 25
72 79 32
95 95 21
88 63 11
73 78 21
4 7 25
84 86 27
23 28 100
4 7 25
62 60 39
3 99 29
14 17 26
99 3 25
27 24 100
43 8 8
48 50 56
18 35 18
96 0 37
77 74 100
17 17 100
96 1 100
2 99 100
13 12 26
0 96 31
19 32 40
34 7 8
96 0 22
92 68 7
53 51 100
55 58 100
27 24 100
95 0 38
61 13 21
90 61 9
76 75 100
46 44 48
83 68 16
21 34 100
12 39 16
79 73 100
39 12 12
61 90 21
67 67 62
76 73 100
14 59 15
33 91 46
12 70 15
48 52 100
90 73 9
86 16 24
33 91 14
26 25 25
84 86 23
89 45 12
84 87 19
23 28 100
73 78 30
37 10 10
19 35 43
88 47 19
42 13 13
16 81 23
0 97 100
95 96 21
74 77 29
89 64 10
14 17 28
67 64 33
98 1 100
2 99 70
7 36 7
95 0 22
94 94 22
55 58 58
20 33 100
8 43 8
35 38 100
74 77 100
72 79 21
96 1 100
80 76 100
27 24 64
86 54 20
87 84 19
11 43 12
40 11 11
74 77 28
22 29 28
27 26 100
23 28 100
2 98 100
10 43 11
91 71 8
53 14 21
39 12 12
33 18 19
93 69 6
89 62 10
43 46 58
14 85 24
12 41 14
33 18 18
95 0 38
75 72 100
73 78 100
93 69 6
50 11 15
18 35 43
35 38 100
74 77 100
0 97 100
74 77 22
86 15 26
0 97 35
82 69 17
0 96 31
95 0 33
13 16 30
65 10 14
15 86 27
46 45 100
24 27 40
33 18 19
2 99 100
60 91 9
12 50 18
99 4 22
85 86 63
99 3 24
17 14 21
38 11 11
99 4 23
86 14 26
1 97 100
99 2 52
90 61 9
35 38 100
95 0 36
70 67 100
77 74 100
55 56 100
14 17 42
48 50 55
76 73 100
0 96 31
87 18 21
72 79 21
95 0 26
11 69 15
18 14 19
28 34 100
9 42 9
49 52 100
62 89 52
13 49 19
77 74 100
91 72 8
82 81 100
11 11 27
16 81 22
0 95 21
40 88 44
89 91 27
82 80 100
75 72 100
0 97 23
39 12 12
91 60 8
99 2 33
25 28 100
77 74 100
17 17 100
35 16 16
28 28 100
8 5 20
93 95 20
57 57 100
92 59 8
91 60 8
7 10 30
44 44 100
63 61 100
0 96 34
3 99 37
79 73 100
36 39 100
48 50 52
96 1 100
39 36 36
2 98 100
24 27 26
26 25 100
88 90 27
66 62 100
69 66 100
33 18 19
36 15 16
67 63 32
97 0 37
85 54 21
30 35 100
98 2 100
15 88 30
82 69 17
38 41 100
14 86 26
31 20 21
81 70 21
33 89 48
56 57 100
93 0 19
84 67 15
77 74 100
47 8 11
25 28 100
26 25 100
32 19 19
30 21 21
39 12 12
73 78 21
24 27 58
56 59 46
10 68 13
20 31 22
24 27 26
39 12 12
99 4 26
30 35 100
95 0 26
56 56 100
17 34 17
0 97 100
34 92 14
29 35 100
99 4 25
59 92 9
41 10 10
0 96 100
45 6 6
82 81 33
87 84 20
46 7 7
64 10 15
66 62 100
29 34 100
38 41 100
0 97 23
9 68 10
97 0 36
29 34 100
77 74 100
96 0 23
14 14 29
86 82 18
49 10 11
8 43 8
85 85 62
11 14 30
39 12 12
72 79 21
99 4 22
4 99 29
61 13 21
22 29 100
49 10 15
94 0 20
3 99 37
88 63 11
89 64 10
84 52 17
57 56 100
73 78 100
88 91 28
95 0 36
28 31 100
76 73 100
86 82 17
93 58 6
79 72 100
66 63 33
39 12 12
22 29 100
74 77 100
13 38 16
85 14 25
95 0 26
63 61 100
16 15 42
86 84 22
84 13 23
86 87 28
34 17 18
58 55 41
97 0 100
89 45 14
11 40 11
33 37 100
0 96 34
85 88 29
73 78 100
39 37 37
0 96 23
0 97 36
51 52 100
72 79 21
75 76 23
26 25 26
36 39 42
85 14 25
68 66 31
99 4 27
81 70 18
5 6 24
45 6 6
87 16 23
2 99 39
12 71 13
22 27 100
24 27 100
93 0 19
35 8 8
50 52 100
40 11 11
81 77 100
89 64 10
86 88 28
89 64 10
46 46 100
34 7 8
11 41 14
34 7 8
87 89 27
3 99 28
50 84 26
99 4 28
16 35 16
49 10 15
87 42 13
23 28 100
19 32 100
93 95 20
92 67 7
93 58 6
44 10 11
40 11 11
50 11 18
77 74 61
3 99 28
86 49 24
92 68 7
62 89 10
95 0 26
23 28 24
43 8 8
34 17 17
93 68 6
80 76 100
14 14 61
93 68 6
28 23 100
12 71 13
13 13 27
56 58 100
24 27 100
99 3 31
98 1 100
88 63 11
72 79 21
27 32 100
93 95 20
48 14 19
11 70 14
8 7 26
74 77 22
46 44 50
30 35 100
98 2 100
0 96 22
2 99 27
43 8 8
97 0 36
27 24 83
35 8 9
91 72 8
8 43 8
82 87 17
42 88 26
35 38 35
35 38 35
44 7 7
27 24 100
63 88 13
42 45 100
62 60 100
19 32 100
99 2 100
23 28 100
0 97 23
55 57 100
74 77 22
14 37 16
85 88 37
33 6 6
50 47 49
16 81 23
3 99 28
23 28 100
15 13 27
69 65 100
11 70 14
3 99 40
27 24 24
83 86 19
94 0 20
48 52 100
51 53 100
45 6 6
27 24 100
89 62 10
82 69 17
41 10 10
44 45 100
30 35 100
14 18 25
84 87 21
17 14 24
7 7 27
85 85 64
67 63 32
92 59 7
50 11 18
93 58 6
87 56 12
42 9 9
73 78 30
73 78 21
33 6 6
7 7 27
43 45 100
87 18 20
60 91 9
99 98 20
90 73 9
67 63 32
3 99 37
90 54 9
69 65 100
84 13 23
11 44 13
68 66 100
83 40 17
73 78 100
95 0 37
18 15 20
35 38 100
23 28 33
83 80 32
81 70 19
95 0 38
87 18 20
10 49 16
3 99 100
86 87 35
58 58 100
7 44 8
89 40 12
3 99 39
93 94 23
82 69 17
77 74 100
23 28 30
7 47 9
38 38 100
79 75 100
22 29 34
93 58 6
90 72 9
47 50 55
16 14 26
4 7 25
65 61 100
18 18 100
89 92 27
39 12 12
77 74 100
3 99 37
99 2 32
82 69 17
37 41 100
2 98 100
1 97 100
36 39 100
78 74 100
85 87 50
87 56 13
99 4 25
48 50 56
23 28 100
35 16 18
42 9 9
83 68 17
90 92 22
67 63 32
42 9 9
46 46 100
58 58 100
90 61 9
92 59 7
61 90 38
13 18 24
31 20 20
35 16 16
86 53 21
11 41 12
23 28 24
94 0 21
7 7 27
49 52 100
64 61 100
92 59 7
74 77 100
80 71 100
32 19 20
90 39 10
34 19 20
90 61 9
60 57 44
14 37 16
97 0 37
86 54 20
13 49 19
61 90 22
88 63 11
13 38 16
49 10 14
77 74 100
44 7 7
32 35 100
8 43 8
79 75 100
67 63 32
86 84 22
1 97 100
73 78 30
9 42 9
39 39 100
24 27 30
2 99 27
27 26 100
13 49 19
17 16 62
97 2 100
12 47 16
88 47 19
90 72 9
8 10 29
80 84 18
85 85 64
5 6 24
82 69 17
99 4 26
17 34 17
14 85 25
84 88 18
93 58 6
3 99 100
90 61 9
18 18 100
3 99 40
23 28 33
87 53 17
93 69 6
93 68 6
10 12 29
84 13 23
2 99 39
2 99 27
96 1 100
89 90 26
93 67 6
99 2 32
63 67 34
83 68 16
92 59 7
84 50 20
76 73 100
86 53 21
45 6 6
69 65 100
18 18 100
28 23 24
34 37 100
42 9 9
17 34 17
43 43 100
28 31 100
65 68 35
74 77 100
62 59 39
36 40 100
15 88 30
0 97 35
0 96 31
93 95 20
33 91 48
93 68 6
65 68 36
33 36 100
98 1 100
61 61 100
36 92 32
0 96 26
15 36 15
45 45 100
26 25 26
58 55 59
17 16 62
7 5 21
51 12 19
37 42 100
39 42 42
97 2 100
90 92 23
92 67 7
19 35 100
35 38 100
90 92 23
44 10 11
91 71 8
33 18 19
79 75 100
64 10 15
18 14 19
13 16 26
90 61 9
50 53 58
69 65 100
27 24 100
99 4 24
95 0 26
85 14 25
90 72 9
74 77 100
86 54 20
55 58 100
88 91 28
93 95 21
8 43 8
11 40 12
42 88 30
15 48 17
53 51 100
49 52 58
51 12 19
75 72 100
38 11 11
13 12 26
37 10 11
18 33 30
17 84 27
86 55 13
78 74 100
56 57 100
79 75 100
86 49 23
41 40 40
89 64 10
17 17 100
48 14 19
37 40 38
44 44 100
55 57 100
73 78 100
8 43 8
66 62 100
67 63 100
3 99 37
28 23 100
61 90 21
27 32 100
24 27 100
99 4 27
8 67 9
87 64 13
0 96 31
9 68 10
83 80 23
64 68 34
88 63 11
93 58 6
88 91 28
52 13 19
97 0 100
99 3 29
39 12 12
0 96 31
93 58 6
45 6 7
85 85 34
87 18 20
46 46 100
86 83 19
92 67 7
92 59 7
2 98 100
87 56 13
3 99 40
0 95 20
40 88 44
83 84 100
34 7 8
12 48 17
99 4 23
4 99 23
77 74 31
6 7 27
88 19 17
91 60 8
56 59 46
10 68 13
22 29 34
82 12 20
99 2 33
93 95 20
33 91 48
86 87 26
68 64 32
14 87 27
95 0 22
86 83 19
66 62 100
91 60 8
23 28 100
13 49 19
6 6 24
99 3 31
15 13 25
39 36 36
72 79 32
85 49 25
15 13 26
61 90 21
49 52 100
11 70 14
9 50 14
89 62 10
35 38 36
53 51 100
31 20 21
0 96 22
69 67 100
96 1 100
33 18 19
40 11 11
19 35 100
59 62 40
20 35 100
85 85 25
33 37 100
17 14 24
72 79 32
90 72 9
82 80 100
89 64 10
64 87 14
61 90 21
93 94 23
72 79 21
95 0 26
7 10 30
85 55 14
43 8 8
18 33 20
9 42 9
69 65 100
95 0 26
94 0 20
30 21 100
55 57 100
62 89 21
97 0 23
68 65 31
87 83 17
0 97 100
88 63 11
27 32 100
73 78 100
69 66 100
64 10 15
81 70 20
16 81 22
58 61 41
22 29 22
11 40 12
32 19 20
86 15 27
99 2 26
94 0 20
94 94 21
41 44 45
48 51 54
44 11 13
50 11 18
58 55 100
33 37 100
88 63 11
93 0 19
93 57 7
82 69 18
89 38 10
99 4 27
95 0 23
62 89 11
63 88 13
41 13 13
86 48 22
53 51 100
61 90 53
51 54 58
14 59 15
33 91 36
43 46 58
83 68 16
93 67 6
9 12 30
80 71 19
45 13 15
39 39 100
65 62 100
85 16 26
59 92 9
93 94 21
74 77 100
2 99 39
90 61 9
97 2 100
0 96 34
78 74 100
6 8 27
81 70 18
86 84 22
74 77 22
5 7 26
4 99 24
91 71 8
81 70 20
12 39 12
9 50 14
24 27 100
83 86 19
27 24 100
99 3 31
43 46 47
92 67 7
79 75 100
27 32 100
24 27 100
0 97 100
15 19 24
84 85 100
28 34 100
73 78 100
17 14 24
77 74 61
33 37 100
83 68 16
99 4 27
95 95 21
36 15 17
42 13 13
2 99 100
67 67 34
22 29 100
86 82 17
86 83 21
28 23 23
66 62 100
95 0 38
87 83 18
11 40 12
99 4 26
7 48 10
30 35 100
99 4 26
81 70 18
92 68 8
86 17 23
68 66 32
93 66 6
80 85 17
88 63 11
0 97 24
38 41 100
83 68 16
90 71 9
56 56 100
