1000
55 60 100
75 30 43
99 98 32
18 85 39
58 93 6
97 97 42
13 71 14
57 88 11
77 32 49
1 99 30
43 51 45
89 53 10
73 53 26
14 21 62
57 63 100
88 0 21
89 38 10
32 62 32
90 36 9
55 74 25
27 26 100
99 99 22
91 0 23
26 84 100
36 58 60
93 95 36
0 99 36
36 60 22
18 78 19
68 86 13
37 33 100
69 77 100
70 79 100
0 99 55
20 29 24
1 99 26
32 22 45
68 20 21
59 92 7
68 86 14
91 91 28
39 90 21
73 53 16
45 45 100
41 84 29
33 21 43
20 29 38
45 85 21
75 80 27
63 66 33
99 9 33
13 43 15
12 44 12
67 31 100
66 88 11
89 69 12
52 11 14
38 56 38
58 66 100
91 0 30
91 49 11
83 46 17
23 89 42
94 3 40
78 36 100
80 59 19
12 91 45
18 25 48
90 51 11
48 46 17
93 47 6
73 82 30
58 71 100
59 95 4
62 33 100
90 94 28
91 91 27
73 83 27
70 84 25
63 90 9
52 77 22
82 43 100
73 84 17
57 63 100
94 96 38
89 53 10
60 36 100
34 19 40
19 51 19
1 99 100
72 82 97
92 50 8
75 30 43
99 98 30
21 52 22
91 94 30
45 84 18
55 61 100
9 15 100
87 94 19
3 13 21
58 93 6
37 57 100
23 26 100
92 50 10
42 51 45
69 86 13
68 86 13
77 78 27
13 43 14
91 0 27
20 23 100
35 61 25
20 29 38
90 92 29
25 89 36
99 10 30
82 18 100
89 65 11
90 0 24
93 58 6
83 41 65
20 24 100
1 99 100
70 80 100
11 18 64
28 88 36
52 77 23
44 85 23
91 62 8
87 40 12
23 32 23
51 54 100
46 48 100
12 17 100
98 7 46
91 62 8
88 67 12
73 31 100
98 97 34
61 93 6
17 21 100
64 65 35
18 23 100
72 22 27
4 12 30
12 91 53
22 24 100
34 20 40
58 93 6
35 18 38
55 60 100
58 87 12
2 99 25
49 80 20
57 88 11
89 0 22
83 60 16
11 83 18
19 86 100
0 99 39
87 71 16
60 69 30
61 93 6
99 10 31
89 53 10
97 6 45
91 38 8
70 84 25
88 41 11
4 12 30
4 12 31
71 80 100
93 2 37
58 71 17
73 27 33
73 24 29
0 99 82
63 74 100
87 71 16
43 62 100
82 43 67
73 23 29
33 83 100
26 84 100
72 83 31
62 91 8
29 55 29
48 46 48
33 21 43
99 8 45
66 88 11
27 80 100
19 24 100
95 6 100
86 41 13
91 49 10
71 55 14
35 59 35
87 67 15
45 84 15
30 91 30
82 37 41
64 16 16
45 85 20
15 79 20
98 96 35
64 74 100
79 37 100
0 97 20
84 59 15
73 25 34
60 34 100
16 20 100
59 70 88
13 43 14
48 46 48
72 83 30
49 13 19
98 97 36
58 71 28
44 85 24
57 94 5
0 98 24
55 61 100
37 57 40
78 33 30
14 21 64
57 94 5
90 90 22
57 94 5
12 12 56
57 86 13
62 91 8
83 60 17
26 88 36
78 77 29
63 80 100
94 3 39
75 80 21
38 56 100
17 26 49
64 73 100
8 16 100
55 61 100
92 1 34
89 93 24
23 26 100
74 29 40
31 93 26
91 45 8
19 86 42
87 95 18
92 46 7
28 26 100
64 90 9
53 60 100
82 47 19
0 98 22
68 77 100
99 11 25
8 16 65
0 99 35
63 91 8
99 99 22
16 40 16
77 31 33
81 44 100
67 31 100
87 41 12
18 38 25
91 49 11
93 2 37
67 76 100
67 76 100
95 4 100
58 71 17
67 76 100
10 84 17
69 86 13
45 46 100
79 76 29
61 93 6
75 80 26
55 61 100
58 66 100
97 97 37
5 11 41
17 21 100
60 36 100
61 93 6
33 85 100
44 10 20
54 75 100
33 20 42
29 82 100
93 95 33
38 56 100
61 71 100
52 77 22
1 99 24
0 99 21
17 26 66
75 80 24
65 32 100
11 18 100
84 38 18
16 39 17
56 64 100
80 59 19
63 66 34
35 59 35
89 0 22
50 47 100
70 28 28
80 34 22
22 24 100
39 90 21
67 76 100
67 76 100
22 31 37
91 0 29
66 88 11
69 86 13
17 26 65
75 30 42
89 68 11
88 92 24
54 12 13
4 12 38
77 32 32
65 32 100
93 95 31
49 49 100
18 78 20
8 12 61
62 92 7
32 29 100
23 31 30
85 0 15
15 73 15
96 5 100
2 10 23
0 99 55
74 29 36
85 94 17
53 38 20
53 69 100
28 26 100
59 38 100
9 7 37
28 92 24
93 2 36
29 29 100
68 75 100
64 90 9
0 99 39
13 44 14
82 47 17
89 65 10
81 39 61
68 86 15
66 88 11
83 60 17
10 68 10
64 90 9
58 93 6
69 78 100
59 92 7
91 49 10
26 89 37
9 7 40
92 50 8
56 95 4
47 47 100
12 17 100
37 59 37
99 8 45
65 74 100
23 25 100
73 53 13
89 69 12
31 83 100
6 10 51
85 18 33
20 23 100
25 83 100
76 78 26
87 67 13
83 46 31
59 65 100
41 84 29
8 8 38
76 80 22
99 8 47
79 76 21
97 3 32
10 12 59
73 53 14
93 47 6
56 69 100
98 7 46
60 69 30
23 89 100
62 91 8
31 23 46
60 69 33
51 55 100
87 67 15
54 75 20
15 34 16
73 81 30
60 92 7
42 83 29
69 85 17
17 39 18
99 99 22
56 95 4
12 3 41
17 26 65
87 56 14
55 74 100
35 86 100
91 49 11
76 79 23
53 59 100
63 18 18
95 6 100
58 12 12
51 75 27
62 16 16
52 49 100
12 44 13
99 99 28
88 54 11
27 88 38
62 91 8
85 94 17
38 56 38
91 49 11
58 93 6
61 68 16
12 17 100
83 17 100
2 10 25
38 91 15
85 19 31
62 91 8
0 99 25
74 85 16
53 75 79
64 90 9
15 73 15
59 92 7
57 10 10
29 89 34
32 62 33
47 82 21
12 44 12
88 67 11
80 38 100
36 58 60
85 0 17
11 13 100
81 45 18
51 75 26
45 46 100
95 4 100
72 82 30
10 18 100
87 50 17
80 59 19
53 73 100
99 99 26
3 11 25
11 83 18
52 77 22
43 52 16
35 59 36
53 71 100
61 72 100
17 77 18
79 59 21
61 93 6
53 72 31
97 97 100
2 96 22
64 90 9
92 90 28
62 92 7
92 61 7
14 42 15
81 35 20
58 93 6
96 5 100
12 44 13
55 63 100
59 38 100
79 37 100
97 6 45
20 23 100
16 81 25
50 48 100
72 22 27
99 10 32
71 83 28
66 63 16
24 88 32
13 2 42
87 42 12
19 24 100
44 85 25
45 69 100
89 65 11
52 74 28
19 28 22
56 11 11
60 92 7
55 59 100
55 60 100
88 54 11
10 14 100
43 86 22
15 40 15
9 7 35
55 61 100
65 32 100
11 83 18
14 40 14
78 77 28
88 52 14
96 96 100
52 11 14
57 87 12
65 64 34
47 47 17
85 58 14
50 14 18
73 82 24
73 84 18
60 94 5
66 88 11
55 61 100
13 71 14
33 93 21
87 42 12
50 79 21
14 72 14
4 12 39
9 67 10
39 65 100
23 55 23
15 39 16
59 70 100
54 9 9
24 88 100
6 10 56
92 61 7
41 57 100
56 73 26
0 99 55
99 8 43
52 73 29
85 44 14
99 99 22
96 5 100
94 2 37
56 64 100
74 54 15
62 15 15
98 97 36
87 67 14
11 43 12
22 24 100
17 39 18
10 84 15
57 67 100
66 77 100
75 79 28
92 90 20
84 89 21
71 23 28
82 45 33
66 63 16
60 34 100
24 88 100
65 64 34
85 43 14
10 12 59
80 44 36
98 7 46
76 78 28
59 38 100
69 80 100
95 6 100
44 44 100
55 74 100
97 97 41
64 90 9
62 19 19
98 97 36
70 33 100
99 10 27
48 81 21
90 48 11
49 80 22
99 10 31
56 95 4
50 53 100
45 46 100
87 94 20
2 11 23
29 90 32
70 85 14
90 48 11
99 99 26
67 87 12
85 39 15
12 2 41
79 34 27
88 52 17
51 55 100
43 47 100
64 90 9
93 2 37
15 19 100
84 42 18
53 92 7
99 11 29
0 99 24
45 85 22
17 78 26
10 12 59
26 90 35
85 19 32
87 50 16
85 44 15
90 0 23
73 84 15
67 76 100
91 89 20
62 33 100
89 69 12
12 17 100
80 34 26
99 10 31
10 14 100
7 9 40
14 72 14
45 49 100
73 84 20
62 91 8
36 68 100
64 90 9
93 2 36
27 85 100
22 86 32
48 46 47
85 58 15
65 64 35
0 99 23
81 44 67
84 58 16
78 77 28
78 33 30
14 81 19
88 67 11
57 87 12
65 64 17
25 89 100
20 29 23
96 5 100
46 78 30
0 99 39
58 93 6
68 86 13
51 78 21
99 8 36
62 91 8
36 58 60
25 89 37
91 10 100
65 64 35
18 37 18
98 7 46
2 99 24
44 9 19
61 93 6
56 73 18
23 26 100
98 99 27
57 37 18
35 54 100
25 89 100
94 96 37
42 64 100
7 93 24
52 10 12
56 64 100
66 75 100
56 73 26
15 19 100
0 98 25
60 37 100
22 30 30
53 72 31
57 69 30
29 20 40
89 0 22
99 8 29
35 59 36
36 54 100
94 3 40
46 57 100
93 47 6
99 98 32
64 17 17
55 61 100
87 0 19
94 96 40
7 11 61
57 94 5
69 86 13
46 57 100
85 43 14
94 6 100
48 80 23
61 93 6
89 11 100
60 34 100
85 39 16
99 11 29
86 56 15
90 92 27
15 19 100
43 86 15
97 3 30
88 50 15
93 47 6
18 89 47
41 64 100
82 18 100
60 69 30
29 89 33
53 11 13
71 23 24
7 13 100
49 13 19
48 48 100
99 8 44
77 31 30
24 88 34
14 80 20
56 11 11
8 68 8
50 55 100
80 44 59
64 89 10
23 26 100
60 94 5
0 99 35
18 36 19
68 86 14
22 86 32
8 68 8
72 82 100
48 48 100
66 77 100
87 40 12
29 90 32
33 20 41
0 98 100
90 48 11
64 17 17
57 63 100
49 49 100
12 17 100
33 63 28
61 33 100
52 69 100
82 45 33
13 17 100
88 52 12
67 76 100
97 6 46
91 0 27
93 48 6
45 84 22
0 99 39
23 32 23
73 83 29
60 69 30
90 0 24
89 40 10
0 99 38
91 49 9
97 97 100
5 11 50
75 79 27
18 27 39
4 96 21
53 10 11
72 82 30
61 93 6
52 49 100
67 87 12
32 62 32
57 87 12
94 7 100
15 73 15
71 83 28
13 2 42
13 43 15
97 6 46
80 75 21
88 41 11
99 11 26
91 45 8
60 69 31
32 92 26
48 46 16
93 58 7
59 70 29
90 39 10
71 23 29
72 54 13
82 39 62
82 47 18
61 92 7
44 85 24
85 44 14
51 15 19
98 99 28
49 80 21
61 33 100
92 50 8
67 76 100
80 34 22
64 90 9
81 35 57
98 97 34
89 54 10
75 79 29
99 99 27
26 89 38
63 18 18
53 60 100
88 38 12
69 86 13
0 99 25
86 43 13
50 55 100
69 85 18
16 78 20
64 73 100
26 84 100
63 66 34
61 68 31
79 37 100
7 9 44
77 34 100
84 42 16
62 33 100
32 62 32
35 59 35
64 90 9
9 15 100
99 99 26
56 95 4
63 90 9
15 75 16
83 60 17
91 0 29
85 39 17
11 83 18
56 94 5
89 51 13
63 66 33
45 69 100
0 99 35
61 92 7
12 17 100
49 48 100
65 89 10
65 89 10
60 69 30
11 69 11
0 98 100
82 47 19
65 75 100
70 79 100
60 70 100
31 63 31
21 88 43
89 33 14
99 99 27
65 89 10
81 45 18
83 46 31
72 27 32
74 55 26
56 94 5
90 38 9
97 98 31
87 67 15
43 51 45
72 83 16
53 44 100
59 69 100
89 93 27
92 50 9
59 94 5
91 0 25
33 93 18
33 55 33
73 25 32
90 64 9
10 68 10
90 0 23
16 36 17
51 55 100
78 59 23
7 11 60
41 13 26
62 67 18
92 1 34
84 74 18
56 95 4
72 22 27
87 50 16
20 29 29
58 66 100
57 67 100
84 38 17
45 49 17
99 11 26
73 31 100
35 86 35
77 78 25
91 10 100
83 41 36
69 77 100
15 40 15
88 0 21
79 59 22
70 85 14
3 13 22
56 89 10
56 89 10
0 99 39
90 64 9
62 91 8
19 24 100
89 53 10
83 41 66
71 83 28
38 57 39
14 72 14
73 32 100
28 26 100
19 24 100
1 98 100
60 94 5
59 70 71
36 67 100
13 17 100
64 89 11
0 99 100
62 33 100
10 68 10
73 84 22
66 63 17
0 98 22
45 49 45
82 43 68
94 96 38
69 78 100
20 51 20
55 74 25
88 0 21
37 54 100
13 92 49
57 94 5
88 52 13
79 59 22
59 94 5
65 32 100
99 9 33
15 40 15
60 92 7
84 58 16
6 11 60
54 93 6
77 31 28
42 51 44
34 60 34
57 63 100
48 46 48
73 53 26
49 49 100
