1000
56 56 100
86 61 14
78 69 22
9 8 27
35 12 12
95 0 72
63 92 7
51 87 13
0 99 28
93 96 26
34 13 19
39 8 9
43 13 17
84 62 17
47 49 100
87 18 23
91 53 11
31 36 31
31 91 22
13 87 26
27 29 100
99 8 20
30 90 27
85 12 100
55 60 49
86 61 14
33 14 47
53 94 5
60 94 5
15 88 21
68 72 100
72 75 100
94 4 100
24 23 62
39 8 9
14 14 26
11 36 17
9 38 16
89 65 11
67 80 27
79 68 20
79 68 20
92 69 8
60 61 100
83 87 29
0 99 23
59 64 36
7 91 22
60 87 14
59 88 11
40 45 46
13 41 17
44 14 14
68 73 100
91 67 8
93 67 6
31 36 31
83 88 28
59 60 100
95 0 27
0 99 22
7 91 25
99 4 35
80 85 31
73 75 100
96 0 27
84 61 18
65 82 40
87 84 13
78 79 22
14 43 19
85 62 15
0 99 100
8 50 17
67 70 100
59 88 11
78 37 28
99 4 35
1 99 28
39 8 9
9 38 11
73 74 100
63 84 16
46 48 100
0 99 29
51 87 17
63 63 100
34 13 14
11 19 12
24 23 100
15 17 100
63 92 8
78 69 22
89 65 11
79 10 18
80 54 26
80 54 21
48 51 100
0 99 100
92 68 7
40 45 33
39 8 9
66 68 100
69 74 100
80 11 20
89 93 27
89 20 18
24 23 27
51 87 17
31 36 31
87 91 27
22 22 100
40 7 8
6 93 27
11 36 17
85 87 22
82 13 26
19 30 100
11 86 20
57 90 9
80 11 20
16 17 61
71 76 100
95 0 77
24 23 100
80 85 31
94 0 26
84 12 28
30 17 41
43 13 14
92 68 7
56 91 8
56 56 100
58 59 100
0 99 100
49 54 55
12 35 12
85 16 27
72 75 100
0 99 27
90 93 17
83 16 100
57 90 9
71 77 100
9 38 10
90 66 9
46 51 61
71 76 100
78 69 21
61 61 38
99 98 18
49 53 100
6 43 11
64 83 17
6 32 6
6 32 6
73 74 26
36 11 11
43 13 17
16 31 100
81 55 25
93 67 6
95 0 27
61 93 6
38 9 12
39 8 8
0 99 30
39 8 8
76 71 23
88 19 21
10 37 16
65 82 21
15 17 100
56 61 50
41 6 7
31 36 36
7 6 24
0 99 29
19 30 100
63 92 8
39 39 100
74 73 25
61 62 38
66 81 100
17 30 100
0 99 29
9 8 24
11 86 20
91 67 8
75 72 24
81 55 25
57 90 9
26 21 100
25 22 100
94 3 100
86 85 18
89 44 24
60 94 5
83 88 28
37 10 12
53 10 19
0 99 23
63 84 45
83 57 16
0 99 22
83 44 30
21 26 55
69 74 100
18 29 100
6 5 23
89 48 17
10 9 29
40 36 100
21 26 100
0 99 100
27 20 20
38 9 9
81 65 21
78 39 30
0 99 27
62 85 46
13 12 29
78 35 26
99 3 27
48 51 100
95 0 27
39 44 40
81 86 31
29 18 19
99 98 16
92 68 7
0 99 29
63 92 8
80 90 23
92 69 7
80 90 24
57 90 9
94 4 100
0 99 30
5 33 5
39 37 100
16 31 45
69 74 100
74 73 100
56 56 100
85 61 17
18 29 18
70 74 100
86 61 13
43 89 21
63 92 7
53 58 45
61 93 6
86 85 16
28 30 100
1 99 23
53 54 100
39 44 53
99 7 22
71 77 100
87 84 12
77 82 100
95 0 26
67 80 19
31 36 31
84 15 30
13 87 27
77 82 100
69 74 100
42 47 40
0 99 26
9 38 10
75 72 24
23 23 100
71 76 100
97 2 100
54 93 6
23 23 100
89 65 10
12 35 12
58 60 100
99 6 23
29 18 19
0 99 24
47 51 100
60 61 100
77 70 23
84 89 28
74 78 100
41 39 100
44 14 16
19 28 100
79 68 20
66 81 100
31 36 35
69 78 100
74 73 25
65 66 100
68 73 100
89 93 27
17 30 17
12 35 12
95 0 74
86 45 28
32 32 100
22 21 100
31 16 19
12 11 26
46 48 100
99 3 26
12 36 18
0 99 27
53 88 15
58 58 100
92 55 7
51 87 15
71 76 100
14 89 26
24 23 100
26 21 100
11 36 17
47 52 55
36 11 12
63 84 16
81 86 30
62 85 41
30 90 27
90 67 9
51 87 17
99 4 26
10 9 29
33 33 100
63 84 20
57 57 100
55 65 34
80 85 31
78 92 14
30 30 100
38 9 12
99 98 13
9 38 11
96 1 100
69 78 22
99 4 36
69 78 26
61 61 38
43 89 19
65 66 100
28 30 100
46 46 100
88 45 26
88 19 20
47 52 63
29 30 100
72 77 100
13 88 25
83 88 29
55 92 7
76 37 29
46 51 33
15 17 65
71 76 28
20 27 21
52 88 13
61 93 6
89 64 10
86 61 13
68 79 100
51 87 16
92 68 7
13 88 28
42 47 40
53 94 6
45 86 19
58 59 100
69 78 100
11 10 29
77 70 23
26 28 100
71 76 100
57 90 9
63 92 8
68 79 100
1 99 28
7 6 24
21 26 100
19 28 100
83 14 28
14 15 22
99 4 30
60 61 100
95 0 28
9 8 27
54 93 6
0 99 28
92 67 7
55 92 7
0 99 100
88 92 18
31 91 22
36 35 100
95 0 65
0 99 28
0 99 100
56 91 8
89 93 27
68 79 36
56 56 100
49 54 40
62 85 14
86 85 13
86 61 14
48 53 34
66 81 39
75 72 24
57 62 37
9 38 9
99 99 14
81 12 24
47 52 55
90 94 18
0 99 100
21 26 100
88 19 21
44 14 19
55 55 100
99 98 20
0 99 100
0 99 21
82 57 22
55 92 7
49 51 100
84 59 16
20 27 21
91 0 20
13 12 29
14 13 26
44 54 28
39 44 55
27 20 20
92 68 7
92 69 7
0 99 100
17 30 100
13 41 17
79 10 18
0 99 21
38 9 9
65 82 20
35 12 12
81 86 31
14 15 22
78 39 30
36 11 11
32 6 7
0 99 26
74 73 25
14 14 23
51 87 12
14 43 20
76 82 100
83 87 29
3 98 24
0 99 100
39 8 8
81 55 25
59 59 100
97 2 100
83 87 29
71 76 100
36 11 16
85 86 23
26 28 100
14 89 26
64 83 17
19 28 19
62 85 14
54 9 19
76 71 23
33 33 100
76 82 100
92 68 7
52 87 17
92 0 21
0 99 29
0 99 30
86 85 17
91 0 20
81 12 23
90 45 18
32 6 7
10 37 11
8 39 9
93 96 21
95 0 100
7 45 14
47 49 100
59 60 100
17 30 100
24 23 100
25 22 100
83 88 27
57 57 100
14 13 24
14 87 25
14 14 60
4 3 22
91 0 20
12 85 20
79 91 19
23 24 100
14 14 60
67 71 100
89 65 10
0 99 29
80 11 20
88 59 12
71 76 28
50 52 100
56 56 100
54 93 6
23 24 100
14 87 25
1 99 24
56 91 8
48 50 100
34 34 100
56 91 8
9 38 15
39 8 9
9 8 26
82 87 30
36 11 11
92 68 7
7 6 24
40 7 8
63 92 7
14 14 22
13 34 17
12 87 23
32 6 6
57 90 9
49 49 100
85 62 14
12 17 18
88 72 11
93 67 6
87 41 23
73 74 26
85 62 14
67 71 100
92 55 8
91 67 8
68 72 100
90 65 9
73 74 100
27 20 60
60 94 5
41 39 100
0 99 27
84 62 17
80 54 26
99 4 64
6 5 23
90 65 9
97 2 100
84 62 17
59 60 100
37 7 7
99 8 20
49 54 55
85 16 28
63 92 7
71 76 100
86 61 13
7 47 16
41 39 100
20 29 100
19 28 19
89 49 16
37 10 10
84 13 28
86 61 14
6 32 6
64 65 100
69 78 100
84 15 30
57 90 9
74 73 42
83 58 20
75 72 24
99 4 26
42 41 100
97 2 100
97 2 100
41 39 100
76 82 100
0 99 29
89 65 10
90 66 9
95 0 27
24 23 100
7 6 24
0 99 22
14 88 26
62 85 14
59 64 35
97 99 16
49 51 100
59 60 100
91 67 8
99 7 22
80 54 26
56 91 8
87 90 22
39 8 8
84 89 26
99 98 18
7 42 12
87 41 23
0 99 23
56 56 100
63 63 100
92 68 7
56 61 54
84 12 100
86 61 13
55 92 7
51 87 17
32 15 16
95 0 27
89 65 11
21 26 64
80 54 26
64 83 16
19 28 19
86 61 13
14 14 26
44 14 19
71 76 100
91 66 8
34 34 100
36 11 11
66 81 100
32 15 18
85 89 26
96 1 100
0 99 25
86 85 17
44 45 100
10 37 16
24 23 24
21 26 100
56 91 8
0 99 29
66 81 100
10 86 19
63 92 8
92 68 7
89 93 27
43 13 17
57 62 51
99 98 17
98 99 20
59 88 11
88 45 26
82 52 26
89 20 18
9 85 16
15 17 100
91 67 8
16 18 100
45 50 55
57 62 42
92 68 7
31 91 28
10 86 19
0 99 26
58 63 35
65 82 42
51 87 17
92 7 100
12 36 18
55 92 7
99 4 64
79 91 18
72 75 27
7 6 24
43 88 20
70 74 100
10 37 16
88 71 11
67 70 100
24 23 100
62 85 47
36 35 100
92 68 7
92 55 7
47 49 100
25 27 100
84 89 28
67 80 100
98 98 22
41 39 100
73 74 26
82 87 30
84 60 18
0 99 22
90 67 9
14 13 23
45 50 55
35 35 100
78 83 31
59 61 100
7 41 10
28 19 25
92 0 21
49 50 100
98 99 19
83 87 29
0 99 30
62 85 14
56 91 8
44 45 100
80 54 26
19 28 100
55 89 12
30 17 19
93 5 100
39 39 100
9 8 26
81 53 26
51 87 15
96 0 27
84 13 100
98 99 15
92 54 8
31 36 36
79 91 16
99 4 35
67 70 100
26 21 100
87 60 13
69 78 30
0 98 21
80 11 20
71 76 100
38 9 10
58 58 100
85 62 14
94 0 25
89 45 21
54 89 12
56 91 8
61 61 36
50 52 100
0 99 29
83 88 24
69 74 100
6 44 12
84 14 29
98 99 18
81 55 24
9 8 24
60 94 5
0 99 100
57 57 100
71 77 100
1 99 23
82 56 22
93 95 19
98 3 69
99 98 18
39 8 9
47 49 100
57 57 100
16 31 100
40 7 8
66 68 100
66 68 100
95 0 27
75 80 100
17 30 17
23 23 100
95 0 100
21 26 23
93 70 6
99 4 26
84 87 26
14 43 19
84 87 27
7 42 12
13 12 27
99 8 21
61 86 16
88 19 21
0 99 33
85 61 15
95 0 26
86 61 14
57 90 9
61 93 6
99 4 35
92 54 8
49 52 100
52 88 15
12 40 15
91 66 8
94 4 100
3 97 22
0 99 29
19 28 19
17 30 17
71 76 31
93 70 6
37 10 11
99 3 26
32 6 6
83 88 29
51 87 17
99 8 20
41 6 7
74 73 25
77 36 27
11 36 17
34 34 34
15 16 67
40 45 33
91 67 8
16 31 37
10 37 16
59 64 35
84 15 30
96 0 27
66 68 100
55 92 7
23 23 100
39 8 9
91 53 16
83 64 20
99 4 26
78 35 25
42 47 54
14 88 25
99 4 35
98 98 22
51 53 100
78 37 28
10 85 16
39 8 9
87 91 25
56 56 100
1 99 28
29 18 19
68 73 100
66 81 100
16 31 17
64 83 18
66 81 100
85 13 30
84 13 100
84 87 26
36 35 100
58 63 36
59 88 12
91 53 13
0 99 100
7 42 12
21 26 21
99 98 20
37 10 11
88 92 23
83 88 28
61 86 15
78 37 28
92 69 7
98 98 19
88 59 13
67 70 100
74 73 25
0 99 22
94 4 100
57 57 100
69 78 25
18 29 18
28 19 58
90 50 13
98 3 71
58 63 36
26 28 100
87 10 100
68 73 100
88 43 24
29 18 39
78 69 21
37 10 11
99 98 20
91 0 20
85 12 29
96 0 27
90 67 9
16 87 22
30 17 18
86 61 13
12 86 22
84 15 30
87 60 13
58 59 100
35 35 100
84 87 26
55 92 7
92 55 7
80 54 26
89 20 18
49 54 54
10 37 17
61 93 6
61 94 5
25 22 24
33 35 34
56 56 100
34 13 19
82 87 30
9 38 9
7 42 11
65 82 42
26 21 22
43 15 15
89 65 11
1 99 24
87 60 13
41 41 100
64 65 100
83 14 28
62 85 14
93 95 20
75 79 100
57 62 48
73 74 26
17 30 100
0 99 28
70 74 100
9 38 16
76 71 23
14 87 25
90 67 9
43 13 18
39 44 33
60 94 5
18 29 18
5 33 5
12 16 18
24 23 100
64 83 17
71 76 31
0 99 29
86 61 13
61 93 6
72 77 100
28 30 100
22 22 100
21 26 100
79 89 18
74 73 25
28 30 100
91 7 100
90 66 11
81 86 30
36 35 100
61 94 5
7 91 26
18 29 18
10 86 19
99 3 27
0 99 100
83 88 29
20 29 100
57 90 9
38 9 12
87 60 13
66 68 100
14 15 59
39 8 8
27 20 20
0 99 23
51 87 12
34 34 100
10 9 28
87 60 13
90 52 18
59 64 35
64 83 44
3 97 21
7 47 16
86 61 13
10 37 16
46 48 100
43 88 23
18 29 18
57 57 100
