1000
54 57 100
14 14 27
0 99 27
95 0 31
65 10 19
19 20 27
99 4 20
0 99 24
83 85 63
41 11 14
18 21 22
14 87 24
92 94 21
49 53 63
42 44 100
95 0 30
38 13 13
8 9 22
51 54 27
41 11 20
26 27 100
12 65 26
6 94 23
21 30 100
99 3 27
96 0 31
12 12 26
66 90 9
85 56 16
32 6 6
69 71 100
77 79 100
24 27 100
0 99 29
12 13 24
86 65 15
10 10 26
29 33 29
85 56 20
40 12 21
0 99 26
68 83 16
7 32 7
58 61 100
32 34 37
16 17 24
59 63 47
29 32 29
66 85 21
9 9 25
12 39 16
52 15 26
83 87 12
71 75 100
84 88 19
36 40 28
9 34 10
38 14 51
57 60 100
99 3 25
7 32 7
6 94 26
0 99 28
0 99 100
80 71 100
62 89 11
0 99 28
52 56 57
44 8 9
89 52 16
65 65 34
15 37 23
0 99 100
6 31 6
64 68 100
99 3 24
89 62 10
14 42 26
99 3 25
94 0 31
21 22 24
0 99 100
86 86 23
39 40 100
18 21 25
94 0 31
59 62 100
92 92 23
92 64 7
0 99 100
20 22 100
31 7 7
85 86 29
81 70 18
6 31 6
36 39 40
7 32 7
42 44 100
0 99 100
9 34 10
90 61 9
7 7 23
62 68 100
74 78 100
85 56 19
14 42 23
14 42 16
62 66 39
88 63 14
35 16 16
86 87 28
25 26 100
99 4 21
58 62 50
26 25 26
99 3 23
89 62 11
80 71 100
82 86 19
88 89 24
29 10 11
17 19 26
75 79 100
26 25 100
97 1 100
98 2 100
36 39 43
19 20 25
95 0 31
10 36 10
89 62 10
0 99 25
44 46 100
56 59 100
3 96 100
0 99 28
10 11 19
0 99 25
76 80 100
76 75 26
26 25 25
26 25 100
78 73 21
70 81 100
60 91 11
73 78 21
0 99 30
74 78 100
52 89 20
23 28 23
61 90 11
50 52 100
7 32 7
18 21 22
6 33 6
85 57 14
13 86 26
32 6 6
7 6 22
30 21 100
86 86 28
89 52 16
85 84 26
88 53 18
13 86 26
65 65 35
19 21 100
77 74 23
81 84 60
18 21 18
41 11 14
83 86 22
0 99 100
83 85 100
93 68 6
20 23 22
44 8 10
0 99 65
68 83 100
69 93 7
36 38 100
76 75 100
13 38 13
28 23 100
30 22 100
0 99 29
73 78 21
61 13 35
29 32 29
32 34 33
13 40 23
10 47 21
27 29 100
24 25 100
23 28 100
82 69 18
43 9 11
85 56 16
63 88 21
86 65 15
33 8 8
12 64 37
99 3 26
88 16 20
13 38 13
62 89 16
99 3 26
72 77 100
95 1 100
86 16 22
91 72 8
31 33 32
36 38 100
79 73 100
96 0 100
13 38 13
9 47 17
17 18 27
70 81 20
85 86 60
99 3 25
99 3 24
93 94 16
88 63 14
43 44 100
0 99 28
95 0 30
98 2 100
92 69 7
85 15 24
93 94 19
97 0 32
59 92 11
86 16 23
10 36 10
7 32 7
12 39 12
31 21 100
0 99 100
99 4 20
36 38 100
96 0 32
71 75 100
81 83 100
54 57 100
0 99 28
11 87 27
73 77 100
25 26 25
80 71 19
15 88 20
39 13 21
60 91 11
92 69 7
27 29 100
72 76 23
49 51 100
23 28 23
85 84 19
75 79 100
9 35 9
81 83 100
85 66 16
52 16 25
59 9 24
63 88 21
42 44 51
74 78 100
72 77 100
62 89 11
14 15 25
86 15 24
99 3 100
25 27 100
73 78 100
20 23 100
69 93 6
25 26 100
44 8 9
7 6 21
57 59 100
9 61 30
58 93 11
14 42 20
42 44 100
58 61 100
15 37 23
86 87 28
77 79 100
37 39 100
92 69 7
97 1 100
51 15 25
96 1 100
62 89 11
21 30 100
11 11 27
59 63 100
70 73 100
40 12 20
93 93 23
88 81 19
26 25 66
73 77 22
27 29 100
96 0 100
11 55 30
0 99 26
39 41 100
0 99 26
14 42 24
76 75 27
46 10 18
55 58 100
15 37 15
64 87 12
74 79 100
14 86 24
25 26 100
22 24 100
0 99 27
26 25 28
38 13 13
94 0 30
19 21 26
13 40 22
25 26 25
61 11 34
9 8 24
14 42 21
12 40 17
29 32 100
11 11 26
54 57 100
47 18 23
96 0 100
93 94 15
27 29 100
36 39 39
8 9 19
9 63 33
24 27 100
18 46 24
34 17 44
13 38 13
70 81 19
62 66 26
62 66 100
27 29 100
39 40 100
99 3 23
65 10 18
23 28 23
27 29 100
77 79 100
0 99 26
48 51 60
10 36 10
92 73 7
60 10 29
19 21 26
24 27 24
73 77 22
32 7 7
32 7 7
94 0 20
38 13 13
27 24 100
82 69 17
82 86 19
36 39 40
12 88 25
7 45 12
15 88 20
55 58 100
80 72 100
5 95 26
26 25 28
25 26 100
74 78 100
50 54 26
69 93 6
69 82 100
39 13 53
66 90 10
22 24 100
68 83 100
11 10 26
90 90 23
23 28 23
58 61 100
96 0 32
0 99 27
84 67 15
0 99 28
58 93 11
7 6 22
23 28 100
7 6 21
93 94 15
33 36 100
0 99 29
35 16 46
76 80 100
35 16 16
31 33 32
73 78 64
48 51 100
86 65 15
92 59 7
6 33 6
3 96 28
61 90 11
96 0 32
35 16 21
10 88 28
15 87 21
38 38 30
64 87 12
96 0 33
69 93 6
3 96 100
97 1 100
13 16 18
0 99 24
49 51 100
85 84 24
74 78 100
33 9 9
2 97 28
32 7 7
43 44 100
7 45 12
9 47 17
92 69 7
95 0 32
6 94 25
92 68 7
73 78 33
41 10 12
7 32 7
30 9 9
3 97 100
68 83 100
78 73 21
92 59 7
58 93 10
46 10 18
0 99 26
16 17 22
0 99 100
62 12 33
43 9 14
85 84 24
32 6 6
10 11 25
0 99 26
32 7 7
18 46 23
90 61 9
74 78 100
96 0 32
84 67 15
0 99 100
53 89 20
12 40 21
57 60 100
20 23 100
96 0 33
81 83 100
12 40 16
0 99 26
25 26 100
12 64 36
89 62 14
83 87 14
63 88 21
92 64 8
99 3 26
27 29 100
0 99 100
76 75 24
62 66 38
15 88 20
32 36 40
74 77 100
86 16 22
69 82 17
12 64 36
93 0 19
80 71 19
14 87 24
44 8 10
66 85 15
26 25 100
31 7 7
42 44 100
57 60 100
96 1 100
0 99 100
24 25 100
95 0 30
54 57 100
14 87 23
99 3 23
84 84 67
6 31 6
88 81 19
23 28 23
65 10 26
24 27 100
15 37 23
69 70 100
2 98 24
16 17 26
12 64 36
59 92 11
62 12 35
50 52 100
50 53 100
15 88 20
97 1 100
17 45 23
94 0 31
47 50 58
42 44 100
32 33 100
71 80 20
37 40 38
9 47 17
63 67 35
24 27 25
9 8 25
63 67 32
0 99 26
88 81 19
69 93 6
39 12 12
11 11 27
11 55 30
82 86 13
12 39 15
42 44 100
53 89 20
10 36 10
57 94 10
94 0 20
93 93 23
66 85 21
6 31 6
69 70 100
69 93 7
67 84 16
69 71 100
92 64 8
81 75 100
14 15 26
8 61 28
36 38 100
0 99 28
26 25 29
76 75 26
99 3 27
48 19 24
33 8 9
26 25 100
17 18 27
57 60 100
3 96 24
17 18 19
35 16 46
26 25 26
30 9 9
74 78 100
73 77 22
45 7 9
37 39 100
70 81 100
63 88 21
10 36 10
90 61 9
86 88 23
56 60 54
92 73 7
59 62 100
0 99 100
47 50 58
10 10 25
74 77 100
19 20 26
32 36 40
38 14 16
38 40 100
24 27 100
20 23 100
39 39 100
76 80 100
19 20 27
81 70 18
10 54 25
4 96 27
26 26 100
43 9 11
43 9 13
38 13 13
0 99 26
86 65 16
14 13 21
43 44 100
57 60 100
63 67 32
7 32 7
12 39 15
14 87 23
62 89 11
8 48 16
61 13 36
74 78 21
17 45 22
95 0 30
23 28 23
48 51 100
59 62 100
14 86 23
76 75 100
21 30 100
0 99 27
93 58 6
80 71 19
14 87 24
99 3 24
20 23 22
96 0 100
83 86 22
17 18 20
63 88 21
63 88 21
88 89 24
7 32 7
73 77 100
40 11 12
32 33 100
34 17 18
76 80 100
85 87 21
10 11 24
20 23 100
63 88 21
35 16 16
38 40 100
85 66 16
10 63 34
27 29 100
13 38 13
74 77 66
4 96 100
29 32 29
32 7 7
7 32 7
85 84 26
47 51 38
83 84 100
47 48 38
61 90 11
10 89 27
99 3 23
19 20 22
6 33 6
66 90 10
96 0 100
35 16 16
96 0 100
0 99 28
14 42 27
94 0 31
44 8 10
7 32 7
86 88 23
58 93 11
83 85 65
44 46 51
4 96 100
95 0 31
66 90 10
35 39 46
64 87 12
86 16 22
85 56 19
16 19 17
74 78 100
14 15 24
84 17 22
67 69 100
98 2 100
15 37 23
33 36 100
30 33 30
52 89 21
41 42 100
25 26 100
86 87 25
28 23 100
86 65 15
38 40 100
77 74 24
37 41 50
14 15 26
59 92 11
90 90 23
6 95 22
0 99 28
32 33 100
0 99 100
58 60 100
7 32 7
9 90 27
33 9 10
42 44 100
0 99 25
52 56 63
97 0 100
86 55 16
31 33 31
38 40 100
10 10 25
97 1 100
9 9 25
89 62 10
22 24 100
36 38 100
51 14 27
9 8 26
32 7 7
11 87 27
21 30 100
92 94 14
92 69 7
9 9 25
69 93 6
99 3 26
66 70 100
80 71 100
20 23 22
0 99 27
90 61 9
85 84 18
76 75 100
19 20 24
55 58 100
0 99 27
64 87 13
93 93 17
13 86 26
7 32 7
6 50 16
43 45 100
42 45 58
65 65 35
72 77 100
9 63 32
39 13 20
44 46 37
95 0 31
83 86 20
6 31 6
0 99 100
55 58 100
72 77 100
44 46 50
99 3 23
74 78 21
24 27 100
13 38 13
89 62 10
42 44 100
54 57 100
79 73 100
52 89 20
63 67 100
63 67 100
0 99 28
81 70 100
61 90 11
25 26 100
24 27 100
86 88 23
67 9 15
99 3 24
14 38 23
64 68 28
96 0 31
89 62 10
81 70 18
84 88 13
99 3 24
52 16 26
0 99 100
51 54 58
12 40 17
38 14 48
70 92 7
39 12 12
17 18 26
7 49 16
43 45 100
89 62 10
8 48 16
0 99 24
21 24 100
51 15 23
49 53 63
90 61 9
2 97 25
82 82 100
83 87 12
44 8 11
92 94 21
7 6 21
49 53 63
86 86 23
86 14 23
7 6 21
17 18 27
6 33 6
76 75 26
24 28 24
19 21 26
86 15 24
89 62 10
12 12 27
55 59 52
89 89 25
62 66 39
88 63 11
63 67 100
31 7 7
25 27 100
8 9 22
59 92 11
84 84 67
12 39 19
69 93 6
0 99 27
35 16 16
11 11 27
21 24 22
49 52 100
7 32 7
66 11 18
81 70 18
63 88 16
47 48 100
5 95 27
35 16 17
70 74 100
19 33 100
17 18 25
35 16 18
68 83 100
39 13 22
26 25 100
57 61 49
33 36 100
89 89 23
10 11 25
86 55 19
74 78 100
10 37 11
6 33 6
9 8 26
50 53 58
85 66 14
24 27 24
61 65 41
33 9 10
69 93 6
63 67 32
60 91 11
65 68 100
80 71 19
81 70 18
68 83 100
55 58 100
92 94 21
9 63 33
13 40 24
32 6 6
96 0 100
86 86 25
26 27 100
20 32 100
69 73 100
10 36 10
95 0 31
88 53 16
59 10 31
89 89 23
31 7 7
39 13 22
99 3 23
62 89 11
91 60 9
92 64 8
95 0 31
18 21 22
11 56 28
67 84 16
56 59 100
32 36 100
85 87 23
6 33 6
58 93 10
9 91 26
0 99 24
47 50 58
11 10 26
16 17 20
39 12 12
10 88 27
70 81 20
48 51 100
88 88 25
99 3 75
94 93 17
14 42 16
0 99 29
9 63 32
93 58 6
44 46 52
61 11 34
34 17 19
39 39 100
59 63 100
94 0 31
34 9 10
85 84 24
79 73 100
0 99 30
99 4 21
96 1 100
30 34 35
76 80 100
35 16 17
89 62 14
85 84 26
88 63 14
34 17 18
3 96 24
94 93 17
99 3 24
19 20 19
7 32 7
24 25 100
59 10 30
20 22 100
0 99 28
14 15 25
9 8 22
76 80 100
26 27 100
27 29 100
98 2 100
10 36 10
83 83 100
27 29 100
81 70 100
73 77 22
0 99 71
33 36 100
69 93 6
6 94 26
37 38 37
18 46 24
99 3 23
98 2 100
15 37 23
22 30 100
48 50 30
61 11 34
61 90 11
63 67 100
0 99 29
99 4 21
9 8 26
41 11 20
89 52 16
32 33 100
0 99 27
63 88 20
99 3 23
20 23 20
83 85 65
68 83 16
58 93 11
73 78 21
88 89 24
41 42 100
99 4 22
63 67 32
54 57 100
