1000
51 46 100
97 1 28
24 25 25
50 34 37
37 9 9
43 15 17
89 8 19
33 17 17
26 24 37
15 99 20
67 51 40
90 31 9
18 55 29
99 0 28
58 53 100
40 41 33
40 7 7
91 24 8
38 5 5
11 9 28
67 22 100
93 36 6
41 42 33
10 88 100
83 67 45
25 25 38
6 7 36
46 6 6
43 5 5
13 37 16
32 26 100
30 20 100
33 17 100
54 24 37
80 76 23
75 44 24
42 12 12
89 30 10
89 8 20
99 0 26
17 54 31
81 25 18
72 83 18
62 56 100
28 22 34
24 26 24
30 14 19
38 16 16
73 45 31
74 44 25
96 1 26
91 82 21
22 28 17
68 23 100
49 9 9
83 38 16
15 99 15
99 0 27
62 56 100
49 32 38
3 93 9
39 15 15
74 47 33
99 0 100
35 19 100
94 2 23
73 47 35
3 4 39
79 75 17
74 13 13
90 83 21
85 69 44
88 74 100
89 15 12
66 59 100
69 13 36
89 19 10
94 95 37
63 15 34
5 89 18
46 8 8
84 66 100
15 10 28
42 36 100
56 25 40
81 25 18
63 57 100
94 95 31
0 1 21
6 90 100
99 0 100
13 37 17
74 46 32
23 27 23
48 6 6
97 98 36
64 9 11
57 51 100
83 67 100
84 68 15
60 15 15
15 9 27
34 28 100
20 77 100
88 33 12
99 0 26
43 5 5
78 77 37
87 71 14
89 8 20
30 14 19
30 23 100
6 93 12
74 46 31
23 24 25
98 99 31
48 9 9
82 68 100
46 8 8
2 2 26
43 4 4
4 88 46
31 23 100
83 67 51
85 69 100
6 94 52
5 6 36
24 26 37
98 0 28
93 26 6
43 7 7
99 0 18
55 50 100
47 35 100
33 17 100
56 26 39
69 9 12
90 60 17
14 85 100
42 13 13
92 62 12
13 86 100
11 47 30
14 85 100
64 10 12
72 10 33
90 81 50
79 70 100
90 83 21
0 84 15
49 9 9
54 49 100
91 30 8
75 79 20
93 26 6
65 8 8
23 24 23
54 23 25
82 26 17
83 67 100
3 4 37
22 26 14
97 1 28
92 62 12
88 31 12
41 6 6
5 89 48
92 58 11
25 25 38
19 83 27
5 89 40
5 89 40
85 69 100
69 39 60
57 27 27
44 10 10
92 58 16
43 15 17
11 87 100
17 99 17
63 57 100
32 16 56
90 31 9
9 88 100
83 69 100
27 23 36
53 11 13
91 63 13
43 7 7
15 99 20
99 0 27
99 0 23
71 40 100
14 84 100
7 91 100
29 20 24
0 1 23
91 32 8
89 61 29
12 46 31
39 6 6
94 95 31
69 13 39
86 26 13
90 27 9
97 99 32
99 0 29
21 78 100
84 70 100
0 1 21
91 22 9
2 3 36
64 58 100
13 86 100
32 16 100
92 58 16
13 11 26
80 75 46
26 28 26
11 9 36
49 32 37
50 33 39
78 76 17
91 63 18
57 51 100
12 96 27
2 2 25
87 75 54
84 66 16
53 8 9
59 58 16
99 0 34
85 69 14
44 6 6
8 46 22
40 7 7
42 8 8
8 92 100
10 95 49
93 37 6
65 59 100
3 88 44
70 65 100
33 17 100
47 40 100
70 12 39
74 13 32
16 83 100
95 96 36
0 84 15
93 36 6
78 76 39
90 21 9
75 15 15
23 78 100
80 25 19
56 49 100
51 33 38
44 6 6
16 85 100
83 66 17
99 0 100
89 61 28
75 45 24
71 86 19
16 11 28
16 11 29
33 17 100
75 70 100
40 41 33
97 1 26
85 69 14
10 96 50
30 24 100
15 84 100
10 94 100
97 98 25
67 22 100
11 99 11
84 66 16
43 35 100
51 12 12
86 26 13
39 15 15
58 52 100
63 56 100
3 4 40
25 25 35
80 70 100
39 32 100
43 5 5
7 91 100
98 99 31
8 92 100
60 55 20
82 72 100
72 48 36
36 29 100
67 23 100
23 24 25
7 92 14
6 93 12
16 11 36
1 2 24
67 62 100
38 16 100
37 13 13
47 30 30
61 56 100
57 21 24
36 18 19
97 1 28
24 26 24
44 38 100
88 9 19
92 25 7
16 83 100
75 45 24
58 22 100
81 69 100
68 51 41
90 82 46
89 29 10
90 31 9
99 0 35
68 13 37
92 36 7
89 28 10
9 45 25
1 85 47
71 11 36
66 61 100
14 98 22
45 39 100
92 58 16
9 95 50
6 93 12
68 63 100
15 99 20
35 11 11
99 0 18
87 73 100
68 52 28
50 14 22
88 21 12
20 82 25
59 58 16
36 29 100
23 78 100
41 35 100
10 45 27
93 26 6
10 9 40
23 78 100
52 21 100
96 1 22
68 13 38
90 60 16
61 16 16
92 25 7
43 15 17
3 87 44
15 99 20
92 25 7
80 25 19
93 24 6
15 99 15
82 68 100
0 1 23
83 67 16
29 13 18
68 52 38
99 0 17
11 13 13
43 38 100
36 18 100
99 0 27
79 75 42
67 22 100
19 83 100
93 57 16
17 8 23
15 86 100
83 67 44
40 7 7
30 20 100
12 87 100
45 9 9
15 99 19
85 69 43
63 56 100
97 1 29
0 84 47
89 15 12
35 19 23
88 9 19
17 8 24
88 74 99
98 99 29
18 7 21
65 59 100
99 0 31
4 4 38
33 17 100
61 56 18
74 44 26
82 66 48
55 49 100
4 90 40
86 36 13
40 7 7
70 12 38
54 9 12
74 47 33
71 11 38
39 15 15
92 32 7
20 4 16
53 8 9
17 12 35
86 36 13
8 92 100
35 19 100
99 0 18
88 16 12
55 49 100
82 37 17
85 69 100
90 31 9
3 87 45
53 35 36
57 51 100
45 11 11
49 9 9
47 7 7
71 11 38
91 59 18
48 6 6
13 97 25
0 84 15
38 9 9
4 90 13
86 72 100
84 74 100
77 78 20
92 33 7
45 5 5
98 2 19
41 9 9
23 27 23
70 40 64
40 7 7
32 15 16
92 58 17
39 40 33
57 28 39
36 19 19
47 7 7
3 96 6
59 19 20
83 67 100
4 88 45
2 95 6
35 19 100
6 93 12
50 34 40
61 33 100
99 0 100
90 81 50
9 93 100
60 15 27
89 29 10
30 24 100
56 21 25
23 27 23
90 30 9
32 16 17
78 76 15
3 89 43
67 60 100
38 16 100
92 25 7
46 30 30
72 83 18
11 95 40
88 75 55
72 48 30
29 19 22
53 8 9
91 32 8
44 10 10
92 58 17
99 0 18
78 76 17
6 92 100
20 57 25
58 53 100
61 56 100
83 67 100
28 22 52
15 85 100
97 1 22
44 39 100
98 99 31
12 46 32
80 75 46
91 30 8
71 11 12
90 20 9
0 1 21
53 21 100
13 97 25
67 24 100
22 28 22
12 96 29
54 8 10
91 82 20
87 71 14
56 49 100
57 50 100
40 42 32
7 91 100
53 34 38
45 29 29
89 32 10
57 52 100
33 27 100
82 26 17
69 11 20
38 9 9
0 1 23
4 88 48
42 7 7
71 10 13
59 55 19
44 10 10
41 5 5
43 11 11
2 3 36
99 0 20
70 85 17
89 29 10
57 52 100
10 96 13
96 97 30
93 57 10
2 95 6
90 31 9
68 52 43
7 92 14
32 26 100
43 13 13
72 10 17
32 25 100
1 0 23
41 17 100
99 0 28
84 24 15
38 32 100
99 0 27
69 13 40
79 75 41
69 39 32
15 99 15
19 83 27
85 69 100
73 47 35
61 56 100
47 11 11
84 24 15
3 4 40
90 60 18
39 6 6
16 84 100
94 95 35
16 99 16
38 32 100
63 20 100
41 13 13
8 46 21
47 7 7
15 99 20
25 25 38
64 8 9
59 29 100
9 93 100
99 0 23
46 30 30
83 67 100
90 82 46
47 16 22
23 24 24
49 32 100
33 17 100
86 72 100
39 33 100
7 92 100
10 96 31
99 0 17
42 8 8
32 16 22
80 74 100
27 21 27
17 55 30
41 8 8
40 18 18
77 78 35
42 5 5
57 51 100
60 56 100
15 10 28
89 32 10
77 78 35
44 6 6
74 45 25
41 6 6
88 31 11
88 20 11
44 10 10
16 11 28
88 31 13
55 49 100
62 57 100
83 38 16
6 90 48
71 40 100
24 25 36
19 83 26
13 11 26
99 0 19
96 1 28
44 10 10
17 12 59
1 2 24
62 57 17
64 48 39
45 10 10
52 12 16
54 8 10
80 70 100
11 13 11
33 27 100
21 58 23
7 91 100
34 12 12
61 14 27
9 93 100
68 52 41
74 14 19
40 33 100
71 11 35
74 13 26
80 74 100
38 9 9
99 0 35
8 91 100
75 14 15
64 9 11
2 94 7
11 47 44
13 97 15
99 0 100
89 9 19
91 24 8
11 47 32
86 70 14
18 55 29
32 15 15
93 57 16
9 94 100
14 98 15
87 71 100
10 8 37
32 16 22
37 10 10
92 37 7
87 71 13
31 15 19
2 95 6
72 45 35
38 16 16
33 17 100
14 98 22
91 81 18
27 23 37
70 51 31
41 6 6
41 6 6
93 3 20
30 24 100
34 12 12
3 96 6
66 61 100
6 90 100
71 42 31
65 59 100
68 52 28
64 9 10
59 54 100
77 72 100
96 1 28
47 18 100
88 30 12
39 33 100
97 99 34
35 19 24
48 31 36
71 10 13
75 45 24
3 96 6
99 0 28
37 32 100
6 92 100
62 56 100
24 25 16
11 47 32
72 83 18
57 51 100
83 38 16
5 6 41
90 81 51
1 0 23
15 99 15
40 34 100
72 11 36
33 17 100
29 13 17
91 61 15
37 17 100
63 57 100
97 99 34
37 13 13
7 92 14
95 96 35
31 19 100
1 85 15
46 6 6
48 10 10
3 96 6
97 1 29
66 61 100
83 72 100
36 12 12
63 14 30
46 30 30
40 6 6
99 0 100
41 8 8
44 38 100
13 97 25
52 35 36
92 36 7
75 79 21
84 24 15
36 8 8
56 50 100
30 20 30
36 11 11
21 78 100
75 15 15
2 2 26
10 44 25
36 18 19
74 46 26
51 13 13
99 0 100
44 38 100
80 70 100
62 15 16
88 30 12
91 34 8
35 19 51
15 99 15
46 8 8
58 53 100
47 40 100
85 69 100
72 11 13
35 29 100
34 28 100
49 32 37
10 88 100
94 2 22
65 22 100
88 74 100
71 11 36
44 10 10
31 15 17
3 87 45
22 82 23
29 13 22
12 12 23
47 31 31
0 84 15
2 86 46
3 96 6
28 22 52
70 12 39
2 88 44
79 75 42
52 8 8
12 12 17
7 8 40
93 24 6
54 49 100
48 9 9
8 46 25
24 25 24
85 69 100
51 7 7
4 88 45
86 68 13
6 92 13
9 95 100
92 23 7
90 30 9
12 12 24
92 38 7
47 31 35
90 23 9
7 43 19
37 9 9
4 5 41
8 99 8
50 34 38
58 59 16
99 0 35
88 20 11
39 15 15
6 7 39
89 29 10
96 1 22
89 29 10
83 38 16
35 29 100
57 27 30
79 70 100
74 81 20
78 77 19
48 15 22
97 98 36
99 0 17
24 26 37
82 37 17
13 97 25
78 77 37
56 49 100
60 57 16
80 23 19
0 84 47
68 52 38
54 49 100
30 14 19
39 15 15
68 23 100
9 89 100
46 11 11
10 45 28
31 19 100
86 68 41
52 21 100
14 98 22
66 59 100
15 99 19
97 98 36
99 0 18
6 90 100
59 19 20
84 66 16
88 21 12
42 8 8
42 7 7
3 87 45
97 98 35
4 94 9
14 98 15
88 20 11
75 13 22
66 60 100
6 7 33
9 45 25
36 18 100
44 39 100
90 30 9
88 32 12
72 48 36
51 7 7
28 22 100
99 0 25
77 72 100
36 18 100
30 24 100
37 13 13
16 11 30
77 41 22
42 7 7
99 0 20
47 7 7
51 13 20
45 9 9
58 20 24
60 15 15
71 86 19
2 2 34
82 26 17
82 37 17
41 8 8
43 35 100
64 24 100
96 0 26
22 28 22
93 24 6
88 64 33
56 7 8
94 95 36
97 98 35
1 85 15
78 76 17
11 47 32
34 12 12
55 49 100
15 99 20
69 39 33
68 8 10
33 17 17
99 0 34
48 10 10
92 38 7
13 10 28
89 61 27
79 79 29
39 33 100
38 31 100
74 13 27
75 15 15
92 87 25
31 19 100
7 8 41
32 16 17
85 69 100
89 82 46
15 85 100
0 1 23
0 1 23
72 11 35
48 32 32
0 84 15
39 6 6
0 84 15
2 86 46
68 8 9
53 8 9
69 22 100
89 8 20
87 75 54
26 24 37
70 11 36
53 8 9
52 21 100
53 23 100
80 74 100
35 19 100
18 55 29
99 0 100
23 78 100
41 18 100
0 84 47
28 22 35
65 59 100
58 59 16
47 31 33
88 72 13
61 57 16
88 30 12
29 20 100
33 17 23
29 20 100
39 6 6
0 1 24
0 1 23
34 28 100
72 45 34
44 10 10
49 9 9
16 11 28
0 84 15
33 27 100
78 77 38
87 71 38
89 32 10
41 17 17
11 96 30
31 15 16
12 12 15
74 45 28
89 61 28
60 55 100
84 24 15
6 90 15
44 39 100
