1000
49 53 100
9 17 23
99 10 22
38 12 13
80 41 23
16 34 43
9 39 10
14 35 14
31 19 21
89 0 23
0 99 24
11 88 20
42 8 9
46 58 53
58 61 100
41 9 9
58 66 35
78 90 16
7 19 16
6 93 24
23 28 100
33 88 18
99 7 24
19 30 100
0 99 100
0 99 25
38 12 13
61 89 11
13 89 16
99 98 14
70 72 100
71 79 100
66 83 100
0 99 100
20 28 21
8 90 24
5 93 25
7 43 15
91 0 22
80 69 21
6 12 23
8 20 16
91 58 8
59 63 100
42 54 60
31 19 20
10 18 22
81 89 20
52 63 47
0 99 23
89 0 30
29 20 20
31 18 19
72 75 100
59 90 15
99 98 17
67 82 17
82 88 24
43 59 100
0 99 25
59 90 11
14 14 22
75 74 31
96 4 100
88 9 100
89 60 10
10 18 31
31 19 21
3 2 19
60 90 9
47 15 17
11 17 25
76 74 100
3 2 19
66 67 100
38 12 13
59 90 15
37 13 15
90 0 32
6 11 24
98 97 24
94 6 100
88 61 11
44 50 100
77 72 33
76 73 23
63 64 100
46 17 19
79 91 12
76 84 100
95 3 100
36 11 11
65 84 17
7 43 16
41 9 9
67 82 17
60 90 9
46 53 100
76 84 100
63 86 15
87 84 15
46 17 19
66 67 100
73 77 100
47 15 17
78 71 21
9 40 9
17 33 17
8 90 22
6 45 10
82 89 22
20 27 100
15 12 17
37 13 15
8 42 17
0 99 21
99 7 24
19 30 100
80 14 25
60 89 16
91 57 8
12 19 32
72 78 100
71 79 100
92 4 100
0 99 100
80 69 23
5 93 25
13 14 24
88 50 17
85 19 26
39 11 12
48 56 100
44 51 100
66 83 100
78 71 30
91 93 20
84 65 16
71 79 100
25 24 24
0 99 20
70 79 100
23 26 26
79 19 100
37 12 12
81 68 19
43 55 59
72 77 100
62 21 24
61 22 24
76 73 23
49 54 100
5 46 9
8 20 17
4 3 19
5 45 8
0 99 22
19 27 20
79 91 15
92 4 100
69 80 19
65 93 6
64 85 17
70 79 20
7 43 15
86 85 19
21 28 32
89 0 18
19 31 19
35 89 20
8 19 19
31 19 20
71 79 100
75 74 39
99 10 20
89 0 23
1 98 20
75 74 39
19 31 100
46 58 53
39 44 100
25 24 100
9 41 14
18 31 100
67 82 100
78 86 47
44 18 24
89 60 10
40 10 11
81 14 29
89 0 31
68 81 18
27 23 100
27 23 100
66 83 100
89 59 10
98 97 19
30 42 30
31 19 20
40 10 12
3 96 19
44 18 24
0 99 76
36 11 11
6 44 14
43 18 23
11 18 31
72 76 100
93 5 100
20 28 20
51 12 18
68 81 18
38 43 100
69 80 100
0 99 100
41 9 9
41 9 12
76 74 37
88 87 24
0 99 25
0 99 25
99 9 27
80 14 24
56 68 40
48 53 100
79 70 27
6 93 23
71 79 56
55 93 10
91 58 8
41 89 25
99 7 50
8 20 16
37 12 12
7 19 16
11 70 38
88 61 11
18 31 100
25 24 24
43 88 27
38 43 100
52 64 47
71 76 100
26 23 100
50 54 100
90 1 33
59 90 16
73 77 100
0 99 25
47 16 19
13 70 36
30 20 21
79 91 15
7 19 16
27 28 100
61 22 24
49 55 100
14 13 21
12 88 19
74 73 100
9 39 9
25 24 100
70 79 20
0 99 19
99 7 24
99 11 20
63 86 16
19 31 100
72 76 100
6 44 14
24 25 25
90 59 9
99 7 51
28 26 100
72 78 100
95 3 100
91 67 10
21 27 100
89 51 15
8 59 26
51 49 100
6 44 9
12 88 19
14 13 21
45 57 100
63 63 100
10 18 32
0 99 25
76 74 100
40 45 100
88 51 16
19 30 100
14 35 14
18 31 100
66 83 16
80 18 100
79 70 24
65 66 100
71 74 100
8 14 24
92 0 23
90 0 19
26 23 24
32 40 38
32 37 100
18 31 100
15 35 16
14 13 20
43 59 100
11 87 22
64 85 17
99 8 28
88 0 22
52 50 100
37 36 36
58 91 10
74 73 100
72 78 21
21 28 100
70 79 100
60 89 17
32 41 42
70 79 20
42 8 9
42 54 61
11 17 24
87 84 17
36 44 45
97 96 23
38 12 13
89 0 30
32 37 100
89 0 31
51 59 100
10 39 11
77 85 100
73 93 6
33 34 100
24 25 25
92 93 19
36 14 15
0 99 100
47 15 17
30 20 22
92 0 26
5 45 9
91 57 8
65 66 100
27 28 100
44 50 100
20 28 21
43 7 8
17 33 41
31 36 100
72 78 100
92 0 26
65 84 19
63 86 14
73 93 6
80 14 25
99 7 51
21 29 22
39 11 13
0 99 20
35 89 19
5 45 9
85 64 14
69 81 100
87 62 12
85 45 23
60 89 16
60 89 16
86 20 23
80 41 23
45 51 100
69 81 100
99 9 26
65 84 19
23 28 100
74 73 100
43 7 7
86 20 24
76 73 100
20 29 22
61 21 23
19 29 100
19 31 100
33 17 19
0 99 21
9 17 22
63 63 100
82 88 43
87 86 24
3 2 19
82 88 24
60 20 21
90 0 20
77 84 100
5 45 9
87 84 15
35 40 100
30 20 22
82 88 24
17 32 100
67 82 17
9 41 17
12 20 33
48 56 100
59 90 15
87 84 15
61 22 24
82 88 24
0 99 20
0 99 25
75 74 25
81 68 21
35 10 10
29 8 8
41 9 9
16 34 43
21 27 22
18 31 100
95 6 100
27 22 22
31 18 19
49 55 100
26 23 24
91 3 100
78 90 15
52 64 47
42 8 8
47 57 100
37 36 36
41 9 12
3 2 19
9 17 22
81 15 30
86 63 13
83 88 25
86 85 23
61 21 23
72 78 21
94 6 100
89 8 100
28 21 21
15 12 17
8 48 14
99 7 24
88 61 11
90 59 9
77 85 49
90 59 9
90 0 24
7 43 9
51 12 18
38 12 13
88 61 11
0 99 20
85 64 14
9 40 9
93 5 100
81 87 44
42 8 8
18 30 100
81 68 19
15 35 19
58 62 100
95 3 100
11 18 32
26 23 100
37 13 13
0 99 23
23 28 100
87 52 17
89 60 10
96 95 19
55 67 43
9 86 23
65 84 52
34 35 100
18 30 100
13 37 14
81 68 19
8 20 16
0 99 100
12 20 33
58 91 10
80 91 15
90 58 9
64 92 7
16 12 16
31 42 37
88 62 11
63 86 13
0 99 100
21 27 22
57 60 100
59 62 100
93 5 100
95 3 100
20 28 100
6 93 23
51 59 100
88 0 19
8 42 17
19 31 36
88 52 15
15 11 16
13 70 36
85 19 26
20 27 100
15 35 19
69 71 100
66 83 16
92 0 35
90 0 19
98 97 19
20 28 20
49 54 100
49 53 100
1 99 19
69 81 100
55 67 42
82 90 20
6 44 14
47 52 100
35 36 100
92 0 23
78 90 16
63 86 15
81 15 30
94 2 61
58 66 40
55 93 10
90 59 9
43 88 27
82 43 23
74 76 24
85 87 28
37 13 13
78 90 14
0 99 23
46 53 100
15 12 17
45 17 17
11 38 12
6 46 10
6 11 23
37 13 15
61 89 11
70 72 100
13 12 19
80 17 28
71 71 100
74 92 8
18 32 100
10 18 23
78 71 21
39 44 100
30 20 21
32 41 44
29 21 21
25 24 24
91 57 8
15 34 15
0 99 100
19 31 36
59 62 100
65 93 6
98 97 17
32 41 42
99 11 20
8 59 25
73 77 100
69 80 19
55 93 10
39 44 100
26 23 100
81 89 20
99 9 21
79 91 15
55 66 44
15 35 19
14 35 14
63 64 100
65 84 100
21 29 22
60 89 16
0 99 100
90 1 33
12 19 32
39 11 12
57 45 100
18 30 100
94 6 100
40 45 100
69 81 100
81 87 44
90 59 9
8 19 19
37 13 15
25 25 100
98 97 22
98 97 24
49 61 50
89 60 10
99 11 21
78 12 19
47 57 100
59 62 100
15 35 15
6 44 9
16 34 17
32 40 32
44 18 21
14 35 14
0 99 22
29 20 20
30 19 19
99 11 20
88 61 11
48 55 100
59 64 100
84 65 15
12 20 86
69 81 100
83 89 23
58 68 32
13 12 20
84 65 16
37 13 13
8 19 19
94 2 61
8 14 24
78 71 21
87 62 12
81 89 20
14 13 20
90 59 9
72 78 100
29 8 8
33 38 100
85 64 14
18 32 100
11 87 23
90 0 24
65 84 100
99 10 22
6 45 10
57 45 100
14 13 20
14 13 20
20 28 100
81 68 19
75 74 38
19 30 100
75 74 24
15 12 18
15 12 18
68 80 19
79 91 15
75 74 40
58 91 10
14 36 14
87 86 24
10 87 22
12 88 19
69 81 18
80 13 22
0 99 100
99 7 24
91 3 100
46 58 53
28 22 22
87 51 17
98 97 17
99 8 23
86 86 25
37 12 12
29 21 23
99 11 20
69 81 100
60 89 17
81 42 23
78 86 48
0 97 22
9 39 10
85 19 26
37 12 12
73 77 100
13 12 20
15 11 16
69 71 100
91 3 100
29 21 21
37 42 100
86 85 23
57 69 32
58 61 100
22 28 100
99 9 23
89 9 100
51 63 48
42 48 100
99 11 21
93 1 63
0 99 25
88 50 17
82 90 20
31 18 19
10 18 23
34 38 100
75 75 100
59 63 100
64 85 15
32 40 39
10 86 23
48 53 100
8 20 16
45 57 54
12 20 33
63 86 13
84 65 15
43 49 100
46 58 53
69 81 100
40 10 12
86 52 17
66 83 100
38 43 100
8 42 15
97 96 24
30 42 31
86 85 24
88 10 100
36 90 19
86 20 24
68 81 18
74 92 8
99 8 28
67 70 100
68 81 100
59 90 15
0 99 24
0 97 22
88 0 17
20 28 100
8 14 24
45 51 100
37 13 15
59 90 15
55 93 10
41 9 12
96 95 19
87 84 15
48 56 100
91 1 47
0 97 22
73 77 100
79 91 15
10 18 22
36 13 13
19 31 19
11 70 38
49 61 48
69 81 100
57 60 100
74 76 100
41 9 9
8 42 16
41 9 9
0 99 100
88 61 11
90 59 9
57 61 100
51 59 100
93 5 100
5 45 8
66 65 100
66 67 100
11 17 25
18 31 100
86 85 24
21 27 100
96 4 100
0 99 24
43 7 7
59 89 17
10 18 23
91 58 8
99 8 28
6 11 23
38 12 13
99 9 22
86 86 25
3 2 19
96 4 100
32 41 42
38 12 13
0 99 25
91 67 10
55 93 10
99 8 39
3 2 19
48 57 100
72 78 22
60 90 9
87 86 19
92 4 100
87 84 15
11 19 33
92 93 19
47 16 19
0 99 100
29 8 8
42 52 53
37 46 43
66 83 16
15 35 28
81 15 29
45 14 14
99 10 20
99 7 50
77 72 22
99 10 22
43 7 7
25 24 24
15 14 20
41 9 9
53 65 47
16 34 16
87 86 24
25 24 24
99 8 23
65 66 100
6 44 9
20 27 100
55 20 22
98 97 19
30 20 23
32 41 41
83 66 17
55 65 45
0 99 20
79 70 26
77 72 23
49 55 100
85 64 14
55 93 10
33 40 38
73 77 24
48 56 100
81 89 22
31 43 39
71 74 100
18 31 100
81 89 20
40 10 12
89 8 100
89 0 30
19 31 100
15 35 17
34 39 100
87 62 12
31 42 40
11 70 38
75 83 100
87 86 22
55 93 10
60 89 15
8 20 17
55 20 22
32 41 42
89 0 30
6 45 10
9 22 15
80 17 31
9 40 9
64 68 100
99 10 22
38 12 12
71 79 100
55 60 100
0 99 20
13 12 20
17 33 19
92 93 16
20 28 100
75 74 24
23 27 100
67 82 100
71 74 100
87 52 16
54 63 45
9 86 24
14 36 14
88 61 11
88 62 11
9 17 22
39 11 12
37 13 13
9 39 10
58 22 22
9 17 22
6 44 15
14 36 15
86 85 24
44 50 100
34 38 100
31 42 39
79 91 15
5 45 8
0 99 24
35 10 10
89 0 31
8 19 19
22 26 24
80 41 23
87 62 12
9 40 9
48 56 100
80 69 21
28 22 24
88 0 17
5 45 9
91 1 60
3 2 19
89 51 15
39 11 12
85 90 23
87 86 24
43 49 100
63 64 100
11 88 21
66 83 16
99 11 20
19 30 100
28 22 23
20 28 20
93 5 100
41 53 59
75 73 100
77 72 22
8 19 18
59 89 17
84 65 16
6 45 10
61 89 11
31 90 14
31 42 42
8 20 16
43 7 8
25 25 100
78 90 15
0 99 100
99 7 49
15 35 18
90 59 9
75 73 100
26 28 100
27 23 100
95 3 100
31 18 19
19 27 100
25 29 100
67 82 100
6 93 23
0 99 100
35 40 100
9 40 9
0 99 25
42 8 8
57 69 38
68 81 18
17 33 100
31 19 22
19 30 100
42 8 8
40 10 12
6 45 12
64 67 100
80 88 46
85 45 22
14 36 15
89 0 25
7 19 16
33 38 100
9 41 17
81 89 20
14 13 20
18 30 18
71 79 46
78 12 18
7 19 16
86 86 25
80 69 20
57 62 100
56 68 35
18 30 18
54 59 100
