1000
54 55 100
47 45 56
90 56 13
0 98 30
93 66 6
56 54 55
93 66 6
17 89 12
1 99 36
22 24 24
12 83 27
94 92 24
54 92 7
24 22 56
48 50 100
92 65 7
88 58 11
12 10 18
13 33 13
92 8 26
74 73 100
31 78 21
61 92 7
9 86 100
85 84 28
99 2 29
70 76 24
94 61 5
18 28 20
53 93 7
27 25 100
22 24 100
98 0 100
14 12 60
65 91 8
35 81 29
50 85 20
68 78 21
93 91 18
85 50 27
65 91 8
44 42 45
54 92 7
39 38 100
98 0 26
36 34 48
85 51 26
12 10 23
12 85 30
37 81 35
11 83 26
55 91 8
10 12 12
24 22 100
60 87 12
9 80 16
31 78 28
97 0 25
41 39 100
17 15 56
62 92 7
54 52 49
0 97 32
66 64 37
77 69 100
90 29 36
0 98 34
14 12 55
13 11 16
15 13 16
39 89 19
0 97 33
98 0 100
13 85 20
31 29 100
42 40 52
35 10 27
99 2 29
86 59 21
91 55 9
35 88 22
1 99 100
64 91 8
61 63 100
99 1 28
80 66 20
37 36 100
84 82 25
95 0 19
81 79 100
15 13 100
54 92 7
61 60 42
91 9 26
97 97 15
88 58 16
9 81 17
52 54 100
99 1 100
35 89 21
16 14 16
82 84 16
31 29 100
24 22 100
93 66 6
96 0 23
28 18 29
70 76 23
56 90 9
97 96 16
96 0 23
69 68 100
92 69 7
48 83 25
46 85 24
37 87 25
94 92 25
29 17 100
93 66 7
85 50 24
93 53 8
66 65 34
25 21 100
82 80 33
17 15 100
99 0 32
1 99 33
47 84 24
10 85 29
99 3 19
62 92 8
70 88 11
57 61 100
47 64 100
17 15 100
72 74 25
58 89 10
85 50 20
19 27 100
88 54 20
90 29 16
72 74 100
99 0 25
26 20 100
55 91 8
14 85 24
98 0 28
24 22 100
6 4 16
97 0 22
96 0 21
54 55 100
70 88 11
68 78 21
94 61 5
43 90 17
64 91 8
68 93 6
16 15 16
72 74 100
49 82 26
94 67 5
8 88 31
0 95 22
84 49 25
66 80 19
1 99 66
14 12 16
49 81 35
57 89 10
2 99 30
58 88 11
99 1 100
98 0 29
36 10 13
63 90 11
54 92 7
84 82 33
10 84 100
7 5 17
65 66 100
15 13 64
52 83 16
30 16 100
30 16 100
99 1 29
50 85 16
0 96 24
65 91 8
57 89 10
88 54 22
51 84 18
76 76 100
75 71 100
74 72 100
62 92 8
58 88 11
91 64 8
89 57 15
64 90 10
54 92 7
64 62 35
97 0 25
94 61 5
92 90 25
62 60 37
14 12 57
24 22 100
98 1 100
10 82 19
45 43 43
64 66 35
66 67 100
18 28 100
16 14 100
87 59 13
91 55 9
83 81 32
57 89 10
74 72 28
49 82 26
72 74 25
36 10 14
11 9 20
58 62 100
97 0 25
84 49 26
15 13 64
34 9 15
7 5 16
95 0 20
0 98 44
9 81 17
70 89 10
92 69 7
92 65 7
10 82 20
79 78 100
47 45 64
83 48 18
66 67 100
85 85 27
24 22 100
1 99 100
53 54 100
42 40 56
36 10 28
25 21 100
61 60 41
92 54 9
91 70 8
86 85 26
8 6 17
39 89 19
72 70 100
8 29 13
56 58 100
10 83 26
10 36 12
19 18 100
92 63 7
1 99 100
60 61 38
0 95 22
84 81 18
90 56 13
58 88 11
0 98 100
24 22 100
36 10 28
99 3 28
9 8 16
15 13 63
75 72 100
23 23 100
66 64 100
80 87 14
73 73 100
52 83 16
28 78 22
46 49 100
24 22 24
60 86 13
12 10 24
47 63 100
39 38 100
85 85 27
0 97 32
18 17 100
65 65 100
91 90 16
72 74 100
99 3 27
98 0 100
10 8 19
76 70 100
41 39 52
35 35 100
24 22 100
13 11 24
10 32 12
90 89 16
83 81 33
12 10 23
72 70 100
79 78 100
11 82 22
62 60 37
46 65 100
91 55 9
85 51 26
86 56 23
91 9 26
60 61 100
75 91 8
84 49 22
22 20 100
31 78 28
73 73 100
77 76 100
90 56 16
42 40 53
63 90 11
62 92 7
15 13 63
60 86 15
85 50 19
84 83 26
62 92 8
85 86 24
77 69 23
71 69 100
83 81 27
52 54 100
84 11 19
81 79 33
94 67 5
72 70 100
63 90 10
97 97 15
55 91 8
16 15 100
88 58 11
61 59 45
65 91 8
92 69 7
0 96 22
35 35 100
72 70 100
61 64 100
99 0 25
6 5 15
65 63 37
72 70 100
19 18 100
78 68 21
99 2 29
93 66 6
68 93 6
9 31 12
84 82 33
59 87 12
12 10 23
92 65 7
88 58 11
92 54 8
67 92 7
76 70 100
96 95 17
82 84 16
46 85 24
91 90 26
94 67 5
91 71 8
61 63 100
1 98 100
59 87 12
60 86 15
73 73 100
22 20 100
58 89 10
93 62 6
77 76 100
97 0 25
92 67 7
72 74 100
29 17 100
84 83 26
89 57 11
99 2 28
39 38 100
99 1 28
83 82 26
94 61 5
72 74 25
7 28 11
28 18 29
1 99 67
5 93 20
93 53 8
68 67 100
67 65 34
97 0 25
98 0 100
24 22 24
77 69 23
98 0 29
55 56 100
0 96 24
54 92 7
80 66 19
60 86 15
61 63 37
99 2 29
36 34 48
24 22 24
86 14 21
91 29 15
70 76 23
46 46 61
10 82 19
22 24 100
72 74 100
60 87 12
90 88 17
54 56 100
0 96 24
0 98 100
85 50 19
85 86 25
93 66 6
58 61 100
95 0 19
64 91 8
93 62 6
59 87 13
12 34 24
62 64 35
2 99 36
66 91 8
0 95 22
71 75 24
98 0 100
79 67 100
85 13 23
8 50 21
94 60 5
91 90 24
90 56 13
0 96 24
66 64 35
91 55 9
10 8 18
57 89 10
35 9 11
0 98 31
60 61 38
51 84 15
30 79 20
34 9 15
1 98 100
85 85 27
93 62 6
98 0 100
3 99 19
71 75 25
54 52 100
24 22 100
1 99 37
1 99 100
58 88 11
12 34 24
74 72 100
10 32 19
2 99 21
54 92 7
90 56 13
63 94 5
14 12 56
72 70 100
0 98 100
90 29 36
12 10 23
16 88 17
1 99 65
99 1 31
70 88 11
34 90 13
62 92 7
50 85 15
95 0 19
65 91 8
70 89 10
92 90 17
16 14 100
35 35 36
50 53 100
41 39 100
8 88 100
46 46 66
68 68 100
99 0 25
58 62 100
67 79 20
1 99 32
1 99 36
92 43 14
18 90 10
65 92 7
61 92 7
73 73 100
49 82 28
28 26 100
92 65 7
49 50 59
76 70 24
93 62 6
78 68 21
56 60 100
54 55 100
12 34 12
74 72 100
11 82 21
40 38 52
64 62 35
47 63 100
71 69 100
9 81 18
14 86 22
9 81 18
37 87 25
99 1 31
99 3 27
56 90 9
38 36 52
92 91 16
71 89 10
94 60 5
14 12 42
13 85 27
39 37 20
25 21 25
58 62 100
89 31 34
17 89 15
89 57 10
58 89 10
52 83 16
76 70 25
92 57 7
27 25 100
52 83 16
34 80 29
27 25 100
63 94 5
0 98 100
85 85 27
58 89 10
65 65 100
88 58 18
44 42 57
99 2 28
65 66 34
84 47 22
71 89 10
22 24 100
0 98 35
42 40 100
52 83 16
70 88 11
86 55 58
64 91 8
89 77 16
23 23 100
61 60 40
90 56 9
65 65 100
28 18 100
13 11 24
83 10 17
67 92 7
70 76 24
16 14 52
4 99 15
36 35 100
99 1 100
46 85 22
46 85 22
0 98 100
69 67 32
41 39 61
15 13 23
62 65 100
24 22 100
22 24 100
65 65 100
0 98 100
1 99 37
85 13 22
1 99 27
75 71 27
75 71 100
18 16 18
56 90 9
79 67 20
51 84 18
84 49 26
91 33 19
57 61 100
45 46 100
89 30 36
89 30 36
92 8 26
62 63 36
64 91 8
9 81 17
14 86 23
84 49 22
91 64 9
85 50 24
20 26 24
54 56 100
37 37 100
99 3 23
99 0 31
28 18 100
85 86 24
92 69 7
2 99 22
12 34 24
13 11 24
99 0 25
82 80 33
57 89 10
7 5 17
57 89 10
85 86 24
84 49 26
84 11 20
25 21 100
8 50 21
69 68 100
92 54 8
17 15 100
85 48 22
44 42 52
16 15 100
1 99 32
54 92 7
61 65 100
42 40 52
18 16 18
77 75 100
9 8 16
16 14 63
5 93 100
12 34 12
91 55 9
93 66 7
96 0 22
34 9 15
98 0 30
15 87 20
48 87 16
88 87 26
58 88 11
0 95 22
8 49 22
93 66 6
74 72 100
83 84 17
79 78 100
74 72 29
2 99 36
85 12 22
62 93 6
84 82 17
1 99 33
30 79 21
84 82 32
11 9 22
4 94 100
13 11 24
17 89 12
47 45 63
82 84 15
21 25 23
96 95 17
71 89 10
22 20 100
89 57 13
99 4 18
28 26 100
79 78 100
2 99 37
68 67 100
9 81 18
94 61 6
61 63 100
73 73 100
40 38 52
79 77 100
79 67 20
63 65 100
13 85 28
84 82 33
44 42 56
87 87 16
10 81 19
30 79 20
86 55 52
69 68 100
66 64 92
40 38 100
90 32 19
77 69 23
77 69 23
49 58 100
66 91 8
98 0 27
0 98 67
62 93 6
84 82 18
61 64 100
85 50 24
25 21 100
50 85 18
48 87 16
79 67 100
65 66 100
68 78 21
11 9 18
42 88 20
69 77 22
11 84 100
19 27 22
94 61 5
34 12 32
67 92 7
14 12 56
28 26 100
18 16 100
46 47 55
86 85 26
3 99 20
97 97 15
0 98 100
91 9 26
61 63 100
48 83 26
37 87 25
9 81 17
96 0 21
80 66 19
8 38 11
57 61 100
98 0 26
3 99 20
23 21 100
8 38 12
13 11 24
92 54 8
85 50 27
12 34 23
13 33 14
98 0 100
49 57 100
26 20 100
55 91 8
92 8 26
8 29 13
83 81 33
96 0 21
22 24 23
48 50 100
52 55 100
29 17 100
36 10 13
35 34 100
31 29 100
49 82 26
98 1 100
9 8 17
75 72 100
99 0 100
22 24 24
79 87 14
36 34 48
0 97 32
8 49 22
99 2 29
34 9 15
50 81 24
17 89 15
86 85 26
51 84 15
65 63 38
85 86 25
12 85 30
85 51 28
60 93 6
67 92 7
80 78 29
71 89 10
58 60 100
60 87 12
70 88 11
66 80 19
98 0 100
28 78 22
0 98 35
66 80 19
66 91 8
81 79 33
7 28 11
67 92 7
90 30 35
63 94 5
64 66 35
14 86 22
7 27 10
85 13 22
15 13 59
60 62 37
99 2 28
92 90 17
79 77 33
8 6 17
51 84 16
86 85 27
57 89 10
12 10 22
77 69 23
35 10 15
35 34 100
91 64 8
76 74 100
80 66 20
10 8 17
85 84 30
10 84 27
61 93 6
59 87 12
3 99 20
85 86 25
99 0 25
56 60 100
36 34 36
17 90 11
57 89 10
57 89 10
54 55 100
61 60 42
44 86 23
24 22 100
72 74 100
22 24 24
84 84 25
79 67 100
47 83 25
11 84 100
24 22 24
68 68 100
91 55 9
31 29 38
18 16 18
99 1 100
93 66 7
7 28 11
58 88 11
30 16 31
19 17 19
85 86 25
90 56 16
96 95 16
48 87 15
88 58 12
84 82 18
28 27 100
0 98 31
85 13 23
22 24 100
53 54 100
62 92 7
99 2 26
72 74 25
45 47 25
99 0 95
92 8 26
74 72 100
8 88 100
26 24 100
63 61 37
96 0 23
62 93 6
69 77 22
50 85 18
93 53 8
48 83 25
91 90 26
18 28 24
62 93 6
61 92 7
59 87 12
34 80 29
63 90 9
83 83 23
51 52 100
69 67 100
68 78 21
97 96 16
97 99 13
60 61 39
53 93 7
86 85 26
99 0 25
9 9 15
68 93 6
88 87 26
54 92 7
54 55 100
99 0 25
99 1 31
42 89 19
62 93 6
99 1 29
3 99 19
80 66 19
90 56 13
37 81 35
91 55 9
64 64 100
36 35 100
65 91 8
91 64 8
51 84 15
19 27 100
74 72 33
47 45 51
79 78 100
97 0 25
19 17 100
84 82 25
56 90 9
91 90 26
86 13 24
84 49 22
89 77 16
39 89 18
85 86 24
28 18 21
86 51 17
76 74 100
88 58 11
0 98 68
99 1 28
14 12 24
35 89 20
19 17 100
73 73 100
76 76 100
81 79 100
65 92 7
99 0 31
73 73 100
98 1 100
78 68 21
46 46 65
68 68 100
67 92 7
88 54 20
65 81 18
99 3 27
0 98 27
23 23 100
85 85 27
75 71 100
7 5 16
64 90 9
91 55 9
35 34 100
72 74 25
8 38 12
85 48 22
58 88 11
75 91 8
70 69 100
58 88 11
68 78 21
14 86 22
92 91 17
84 82 29
68 93 6
82 84 15
87 86 26
0 98 27
61 63 100
13 86 23
10 32 14
58 62 100
