1000
49 54 100
22 75 41
6 0 28
24 27 37
67 86 13
33 55 38
11 60 11
99 99 26
23 75 42
16 70 21
97 95 38
39 89 10
99 6 31
24 27 46
42 48 100
86 67 46
62 90 9
8 55 8
58 9 10
74 80 31
68 74 100
36 91 8
0 99 27
18 35 100
95 94 52
27 25 44
71 82 26
5 51 5
44 9 9
0 99 24
80 28 100
74 79 100
57 75 100
5 2 44
98 92 33
8 89 28
52 74 26
11 42 13
94 0 21
14 39 23
5 0 27
20 31 25
13 40 13
41 47 100
4 3 46
38 87 12
96 96 38
9 90 34
15 38 25
48 43 44
95 2 36
37 88 11
5 52 5
81 27 100
54 15 19
39 12 12
25 77 29
4 94 40
61 64 100
71 82 30
43 10 10
93 97 33
38 58 41
35 52 58
18 36 100
80 25 36
73 80 35
58 70 29
44 84 15
36 91 8
94 0 20
91 16 47
96 6 100
5 48 5
66 70 100
24 27 38
40 13 15
42 54 43
2 4 47
26 25 29
30 83 18
71 81 100
43 90 9
42 48 100
94 11 46
49 88 11
40 47 100
12 87 30
18 35 18
91 91 58
73 80 46
20 31 24
95 94 41
51 87 12
11 50 11
8 91 37
7 46 7
43 49 100
96 6 100
64 88 11
88 37 51
42 92 7
72 35 100
68 75 100
44 84 15
27 25 36
5 0 24
33 86 15
49 88 11
9 55 9
86 33 58
74 79 100
56 11 11
15 38 25
13 12 33
12 87 30
33 61 33
82 82 100
54 90 10
63 75 25
34 60 33
24 28 45
73 78 100
73 80 46
7 92 100
97 4 100
7 92 38
38 57 38
71 82 27
69 19 20
34 19 19
12 41 12
48 50 100
59 61 100
94 9 100
58 70 30
13 87 26
94 0 21
80 81 100
0 99 38
63 71 28
80 81 100
95 1 29
21 32 100
8 54 9
52 76 23
4 2 45
85 21 100
12 87 24
44 92 7
99 99 27
47 51 100
14 69 14
53 81 19
10 59 10
45 8 8
48 86 13
44 9 9
20 73 22
13 12 100
96 3 38
80 25 31
87 21 47
10 59 11
18 35 20
41 92 7
56 69 39
49 14 15
7 92 39
47 90 9
0 99 33
9 90 35
97 4 100
90 92 50
2 1 27
49 85 14
17 34 18
4 3 46
32 60 100
56 92 7
61 66 100
11 14 100
8 45 9
18 38 100
15 14 100
0 99 43
33 61 34
83 58 52
0 99 30
68 85 14
5 2 43
10 15 32
89 16 100
21 32 100
12 13 100
99 99 27
46 85 14
32 62 33
60 67 32
49 85 14
5 51 5
76 81 23
95 94 47
60 91 8
40 13 17
96 93 32
83 86 46
36 42 100
13 12 100
11 60 12
41 93 6
15 38 25
63 68 100
73 80 100
4 3 100
42 47 42
17 67 18
94 93 52
29 22 25
91 16 47
57 68 31
2 4 46
36 91 8
36 87 12
43 49 100
26 25 45
87 38 62
54 71 36
0 99 25
77 80 23
8 45 8
36 56 42
44 9 10
8 45 8
8 44 9
53 14 15
52 15 19
72 81 100
0 99 44
53 90 9
63 68 100
25 77 36
67 74 100
0 99 100
49 55 100
95 94 43
68 85 14
31 37 100
42 47 43
56 11 12
12 49 12
10 15 40
12 41 12
44 84 15
32 57 100
13 87 27
47 50 100
8 91 37
10 47 10
24 29 100
44 94 5
0 99 100
49 87 12
41 94 5
14 39 14
0 6 31
32 85 17
89 89 100
83 22 100
94 0 21
31 84 21
51 89 10
0 99 44
32 60 100
85 21 100
90 90 100
58 85 14
74 77 100
49 92 7
52 11 12
60 62 100
8 45 8
39 14 16
49 87 12
43 49 100
41 47 100
39 50 39
29 82 26
19 35 100
62 65 100
91 99 18
12 13 100
55 91 9
9 89 100
99 97 30
19 35 100
25 77 36
39 44 100
35 57 100
0 99 35
39 89 10
13 40 13
4 3 46
12 41 15
37 42 100
95 6 100
6 0 27
99 97 38
42 48 100
38 88 11
96 95 39
98 5 43
11 42 13
59 59 100
65 88 11
6 51 7
85 22 100
30 85 16
28 72 100
90 16 100
71 82 26
74 79 35
28 81 24
43 93 6
80 85 47
5 93 39
54 91 9
27 24 29
8 45 8
60 68 32
96 93 40
81 31 100
56 69 31
50 56 100
7 46 7
91 91 53
12 49 12
80 27 100
12 41 13
44 9 9
8 55 8
0 99 100
5 52 5
16 37 28
49 42 43
7 46 7
7 56 7
39 43 100
67 73 100
41 48 100
91 98 21
40 93 6
0 99 43
82 30 100
28 73 100
28 81 23
3 3 46
63 90 9
99 6 31
43 93 6
21 32 38
19 69 31
99 5 43
41 92 7
44 93 6
30 85 15
14 11 26
91 14 100
48 89 10
51 16 18
77 78 36
13 12 31
60 92 7
30 21 21
59 59 100
18 35 100
20 75 39
90 92 39
32 57 100
28 71 100
53 90 9
44 84 15
19 35 100
22 75 41
80 87 19
32 63 100
73 80 100
45 88 12
40 13 16
5 1 42
40 47 100
25 76 39
16 70 21
57 10 11
57 69 30
15 65 15
3 2 28
53 70 36
6 52 7
0 5 30
63 68 100
56 73 34
16 37 28
1 98 100
42 91 8
50 86 13
53 70 35
46 50 100
11 42 13
86 67 45
54 80 20
0 99 39
53 14 15
64 77 29
63 76 25
37 87 12
37 16 17
80 87 19
52 76 23
98 5 44
7 46 7
93 10 100
89 89 100
62 90 9
24 76 26
46 50 100
15 64 15
7 92 100
42 10 10
65 77 29
6 51 6
43 49 100
62 90 9
0 99 30
43 93 6
1 98 39
14 11 29
43 94 5
28 23 41
10 59 12
9 44 10
36 91 8
94 7 100
82 85 100
48 89 10
45 92 7
30 85 15
17 35 19
19 33 23
75 82 20
23 28 44
56 11 12
12 41 13
40 13 15
51 76 23
76 78 36
92 97 26
63 19 20
90 99 17
68 85 14
7 91 100
23 76 41
8 57 8
94 7 100
11 60 12
99 6 44
60 62 100
54 71 100
24 27 46
9 9 100
52 75 25
42 90 9
32 57 100
8 45 8
9 44 11
0 99 25
78 78 36
16 66 17
98 5 43
66 71 100
95 6 100
44 83 16
80 25 38
94 98 22
0 99 43
72 81 43
17 67 18
99 90 35
24 27 32
82 58 28
45 93 6
36 17 17
63 71 28
39 89 10
71 81 100
56 11 11
43 49 100
61 64 100
12 87 100
0 99 46
79 80 100
36 59 38
51 56 100
15 64 15
69 84 21
93 14 48
6 55 6
62 66 16
56 92 7
44 9 10
74 78 100
26 25 45
36 53 100
63 90 9
4 2 45
0 5 30
72 81 18
12 41 13
46 50 100
48 53 100
51 16 17
95 6 100
53 81 20
76 81 23
50 88 11
43 49 100
80 30 100
66 87 12
0 99 30
41 91 8
38 51 39
24 29 44
8 45 9
63 90 9
17 36 17
34 18 18
6 55 6
52 10 10
40 56 40
60 67 32
16 13 26
10 89 30
43 49 100
13 40 13
42 10 10
35 90 9
13 87 26
8 55 8
29 82 26
7 56 7
36 53 100
52 76 23
8 45 8
67 72 100
7 46 7
83 86 100
9 9 47
7 43 8
62 65 100
75 79 36
7 92 41
20 69 33
0 99 41
64 18 20
12 51 12
0 98 100
97 4 42
61 61 100
50 91 8
40 11 12
0 99 39
65 87 13
36 92 7
85 21 100
0 99 35
10 42 10
62 65 100
91 14 100
19 69 31
57 10 11
43 93 6
6 0 28
15 38 26
57 93 6
39 44 100
83 86 100
81 26 46
29 22 27
53 70 36
97 4 41
80 85 46
33 86 14
41 48 100
21 32 100
13 12 100
62 62 100
57 75 100
20 31 38
39 89 10
6 0 26
71 82 29
29 35 100
32 60 33
43 92 7
17 35 19
43 90 9
68 84 18
94 0 20
44 50 100
60 62 100
15 70 16
11 60 12
0 6 35
17 34 19
99 6 32
7 46 7
42 91 8
10 15 32
40 13 14
99 97 31
0 99 30
46 50 100
40 47 100
6 52 7
4 3 72
91 14 100
28 82 27
58 85 14
25 77 29
80 86 22
97 3 39
16 37 16
31 48 32
42 89 11
83 58 51
58 70 29
14 39 22
17 35 19
56 82 17
26 71 100
38 93 6
80 34 100
11 50 11
93 10 100
16 69 16
32 85 15
9 9 100
2 4 36
91 16 33
41 48 100
50 87 12
54 15 16
24 29 100
14 39 14
91 91 52
82 85 100
57 38 39
8 55 8
14 64 14
28 23 30
42 10 10
98 5 82
6 51 7
99 6 32
44 50 44
42 92 7
81 26 34
40 92 7
48 91 8
6 5 100
65 88 12
89 89 100
4 2 45
41 48 42
80 87 20
7 46 7
26 25 28
0 99 37
56 92 7
96 6 49
54 15 20
72 81 100
5 1 41
7 56 7
36 53 39
44 9 10
99 93 32
5 0 24
19 32 22
84 22 100
51 87 12
49 92 7
66 71 100
24 28 100
95 94 43
64 61 100
0 6 30
33 86 13
42 48 100
74 77 100
40 56 40
73 80 100
78 78 32
61 64 100
49 85 14
56 72 36
40 47 42
44 9 10
42 91 8
47 90 9
58 69 31
78 35 100
32 49 64
62 59 100
14 11 26
39 56 39
10 91 29
43 49 100
69 84 16
57 70 38
56 73 35
37 90 9
43 93 6
41 48 100
99 97 39
18 35 100
96 2 31
9 88 27
18 36 100
62 67 100
99 6 38
8 45 10
6 52 7
48 87 12
19 34 100
22 74 22
42 94 5
16 70 17
79 27 32
80 84 38
65 70 100
91 13 100
45 84 16
49 87 12
47 90 9
8 57 8
0 99 100
66 87 12
59 59 100
96 96 38
8 45 9
30 21 22
66 87 12
6 51 6
57 93 6
45 50 100
37 58 42
8 54 9
83 22 100
6 51 6
22 74 36
38 90 9
14 39 23
6 0 23
39 89 10
96 6 100
59 59 100
87 19 100
14 11 26
51 87 12
62 90 9
91 91 52
45 84 15
62 74 25
43 49 100
50 56 100
93 10 100
8 44 8
39 43 100
38 43 100
16 37 28
92 12 100
48 42 42
85 21 100
5 4 100
43 48 43
35 92 7
49 87 12
39 50 39
42 94 5
4 2 44
8 56 8
29 22 27
51 16 17
97 3 39
91 17 34
35 52 57
0 99 39
69 84 22
27 24 43
46 93 6
53 90 9
52 69 32
41 93 6
45 50 100
79 25 31
99 93 32
34 19 19
83 86 100
36 91 8
0 98 42
38 93 6
34 87 12
91 91 53
19 32 22
56 82 17
42 92 7
46 93 6
16 37 28
69 19 21
59 93 6
24 76 26
33 56 39
57 83 16
54 71 31
40 88 11
96 6 55
8 45 8
65 88 12
88 21 49
26 78 28
48 42 42
29 82 22
11 60 12
39 43 100
56 92 7
29 69 100
0 99 29
51 16 19
59 75 35
0 99 38
51 88 11
2 4 46
38 88 11
25 76 37
19 68 20
46 50 100
37 88 11
7 54 7
29 82 20
42 90 9
47 51 100
57 68 31
29 22 25
80 27 100
58 76 100
88 89 36
29 22 25
82 85 100
85 34 58
91 14 100
29 82 25
65 69 100
10 91 30
2 4 37
56 92 7
30 51 100
12 41 12
56 92 7
61 74 25
54 80 21
56 82 17
93 96 37
50 86 13
29 82 17
48 42 42
55 79 21
69 19 21
36 52 100
99 5 43
61 67 32
92 10 100
52 56 100
30 21 22
40 89 10
93 96 37
44 83 16
0 99 46
85 34 58
31 37 100
25 75 100
35 56 100
48 90 9
76 80 36
55 92 8
26 25 31
10 15 32
8 57 8
83 87 34
34 86 13
50 87 12
9 19 25
67 86 13
86 31 56
99 5 37
87 37 57
0 6 31
59 61 100
38 51 100
0 99 35
36 53 38
41 10 10
48 43 44
7 63 8
15 38 25
26 77 31
69 19 20
99 5 30
12 41 15
7 54 8
47 51 100
14 39 22
97 4 54
63 90 9
9 19 25
36 53 39
32 62 33
45 93 6
41 88 11
40 88 11
0 6 31
61 64 100
39 44 100
53 14 19
56 33 33
9 58 9
26 72 100
10 15 44
52 76 23
8 90 100
39 50 39
24 29 100
11 42 13
45 84 15
19 68 22
38 88 11
41 91 8
0 99 25
13 51 13
28 25 42
5 52 5
8 44 9
85 21 100
55 39 39
0 99 46
0 99 41
28 23 40
36 89 10
87 19 100
82 25 100
86 20 100
21 32 100
75 82 19
64 76 41
32 57 100
92 11 100
52 15 20
35 54 40
64 69 100
12 49 12
59 69 30
6 52 7
44 83 16
83 58 55
98 5 100
1 98 41
74 79 100
63 90 9
33 61 36
23 74 27
38 44 100
19 34 34
47 90 9
86 67 47
37 58 38
33 18 18
37 42 100
20 69 32
40 89 10
91 98 20
42 92 7
64 76 38
62 91 8
44 84 15
93 97 33
23 28 32
42 48 100
8 18 25
7 52 9
51 56 100
