1000
47 51 100
9 14 49
13 24 31
40 45 43
12 54 12
53 62 54
7 32 7
19 18 18
6 92 38
73 64 26
27 80 20
71 19 27
7 58 7
63 76 52
46 49 100
90 45 10
12 48 14
52 58 41
42 18 24
77 29 28
28 33 100
29 91 8
91 46 9
14 25 100
44 53 49
73 66 29
99 98 31
9 52 9
17 20 21
7 46 8
64 65 100
81 15 100
65 74 100
0 99 39
69 17 23
80 12 29
0 99 34
75 63 24
53 10 10
73 21 34
54 56 43
78 59 21
8 61 8
57 58 100
99 7 42
78 85 26
73 18 36
27 79 20
73 19 32
7 10 33
99 8 27
48 10 11
89 43 10
66 70 100
99 97 28
37 8 11
56 16 17
99 97 36
56 58 100
81 14 44
45 51 45
65 72 27
32 81 43
81 82 47
92 6 100
76 61 24
44 51 49
33 81 42
89 55 10
13 65 13
99 9 20
72 67 34
35 46 69
58 93 7
63 60 100
30 40 33
43 90 17
5 92 37
0 99 39
10 62 10
17 68 18
96 5 100
34 84 18
44 47 100
0 99 39
90 48 9
60 60 100
7 10 22
84 79 18
79 80 48
13 22 100
7 46 8
99 97 34
99 8 21
37 87 16
84 37 25
80 46 19
46 51 100
94 3 53
83 82 24
25 34 26
23 16 19
61 63 100
27 32 100
12 88 22
53 59 42
8 61 8
13 79 24
80 12 29
88 42 11
7 90 36
69 75 100
89 43 10
99 8 39
74 17 30
24 76 24
1 99 22
17 28 100
58 91 9
89 0 28
43 93 6
0 99 39
24 30 100
70 69 45
0 99 100
92 1 56
64 75 25
84 37 25
9 16 44
34 84 16
83 36 16
11 28 11
51 55 100
55 57 100
96 5 100
0 99 39
36 86 16
84 42 15
18 27 100
82 35 30
6 12 18
15 25 100
71 68 28
17 27 100
39 88 16
82 34 18
91 0 40
66 73 100
29 10 10
86 53 13
86 53 13
47 51 100
89 43 10
39 87 19
50 93 6
25 12 16
72 20 29
27 78 21
24 74 25
5 92 100
99 8 41
61 23 23
99 98 33
68 17 22
16 66 16
8 61 8
0 99 100
2 99 17
50 56 50
59 92 7
89 0 27
74 65 26
16 22 100
19 20 100
90 51 9
23 78 23
59 92 7
99 6 44
14 25 100
84 79 19
38 42 100
37 47 65
50 11 11
7 90 100
93 5 100
70 69 42
50 10 11
86 41 15
9 86 23
27 79 20
81 33 34
85 40 17
83 12 100
69 76 100
24 35 100
50 11 11
10 86 23
11 54 11
84 39 18
7 10 32
3 2 18
1 99 22
38 47 47
44 92 7
20 19 19
19 18 27
38 47 48
66 70 100
63 76 100
9 52 9
63 91 8
9 14 46
38 42 100
14 25 100
66 73 54
76 87 22
9 59 9
89 89 42
10 61 10
69 70 35
31 81 44
82 34 31
28 90 9
58 78 22
46 51 100
9 15 50
83 82 30
86 87 47
29 40 31
93 92 21
92 47 7
13 22 51
7 55 8
48 91 10
16 48 18
55 84 15
99 8 21
65 74 100
19 20 100
8 60 8
38 42 100
91 0 40
67 69 100
96 5 49
53 56 100
99 8 41
72 17 26
25 31 100
83 35 28
19 18 18
76 31 24
93 0 33
31 81 18
7 57 7
30 33 100
56 89 10
51 54 100
84 37 22
56 16 17
69 74 100
60 79 21
0 99 100
99 97 29
29 91 8
21 70 21
9 86 24
64 73 27
14 23 100
67 70 100
52 10 10
73 66 26
8 59 8
99 6 44
24 29 100
19 26 100
93 2 54
8 61 8
76 20 100
99 6 23
41 89 12
55 57 100
87 41 13
59 92 7
31 84 24
46 50 100
60 57 100
10 17 50
82 83 34
32 48 100
39 42 100
48 91 8
17 28 100
99 97 23
14 25 100
11 53 11
50 74 100
27 33 45
62 60 100
66 69 100
99 8 33
6 8 21
6 57 6
70 69 44
78 30 21
30 34 100
0 99 100
33 83 18
99 8 21
45 50 100
48 91 12
81 82 34
51 57 48
0 99 25
54 56 100
82 14 29
59 92 9
79 17 100
9 62 9
24 29 100
84 11 100
0 98 35
9 14 49
59 78 23
50 9 9
44 53 55
86 85 34
6 12 18
45 51 45
80 12 29
80 80 32
54 60 40
33 36 100
73 19 39
53 56 100
47 92 7
98 5 46
6 66 6
30 34 100
29 39 32
60 93 7
83 82 25
0 99 100
63 91 8
0 98 38
15 66 15
10 27 10
75 89 13
62 60 100
29 34 100
44 47 100
84 37 15
9 84 20
88 88 45
29 34 100
19 26 100
10 61 10
0 99 39
75 64 24
64 90 10
49 11 11
57 65 53
1 99 38
72 19 29
98 99 21
75 33 26
8 45 9
80 46 19
63 76 100
11 53 11
15 22 18
99 98 31
73 64 26
92 47 7
6 56 6
55 57 100
0 98 100
0 99 38
6 91 37
76 21 100
25 30 100
7 59 7
61 92 8
70 77 100
38 44 45
16 21 19
69 76 100
14 25 100
12 65 12
97 2 29
30 39 42
58 59 100
13 23 46
54 56 43
46 78 22
58 78 26
6 56 6
22 72 22
97 6 46
2 99 18
45 52 45
35 40 100
91 0 40
73 66 32
77 82 100
12 64 13
51 86 16
88 87 44
51 53 100
7 10 23
12 88 20
86 36 13
82 34 32
99 8 21
36 45 47
99 98 32
85 40 17
8 70 8
79 60 20
18 69 18
37 47 49
61 93 7
95 5 100
95 4 51
48 91 11
48 10 11
51 54 100
47 90 14
65 74 100
37 8 12
50 56 49
59 92 7
47 51 100
92 47 7
86 53 13
37 8 15
99 97 33
33 35 38
89 55 10
80 80 35
82 35 17
86 38 14
9 63 9
96 5 100
93 5 100
0 98 24
60 11 11
67 16 17
89 48 10
23 78 23
12 54 12
57 65 54
62 76 24
11 85 24
20 19 19
86 36 13
73 66 26
82 81 29
18 50 18
68 92 9
93 92 24
0 98 100
88 87 40
82 13 31
95 4 100
4 3 18
52 58 46
55 57 100
66 73 55
64 75 52
79 80 49
77 29 22
27 36 33
28 33 100
91 90 25
90 48 9
8 31 9
12 79 22
6 57 6
0 98 38
33 36 100
0 99 100
91 46 9
12 26 28
40 88 14
19 20 69
87 88 47
43 91 8
69 70 31
55 84 15
6 31 7
56 89 10
48 91 12
47 92 7
76 31 24
0 99 100
89 55 11
46 49 100
57 57 100
94 5 100
19 20 100
81 15 100
53 59 40
54 56 100
88 42 11
41 86 25
99 8 41
92 47 7
41 89 12
26 12 15
7 57 7
80 16 100
30 39 46
64 65 100
71 20 28
90 90 39
11 53 11
87 54 12
15 67 16
50 52 100
47 51 100
47 92 7
0 99 100
39 87 20
83 82 29
11 53 11
46 50 100
33 36 100
86 0 23
82 35 17
86 53 13
47 90 14
71 68 42
26 78 21
10 29 11
52 10 10
42 90 10
6 48 7
12 65 12
92 0 40
45 90 17
24 34 24
85 40 17
46 50 100
53 86 13
92 47 7
24 92 7
7 32 7
99 4 25
29 39 41
50 12 12
64 65 100
56 55 43
8 59 8
64 66 100
61 93 7
77 82 100
91 90 38
10 27 10
39 42 100
66 73 29
90 90 41
90 0 36
65 74 51
50 93 6
0 99 22
25 34 91
72 67 36
56 58 100
52 93 6
57 8 9
81 14 44
82 81 29
8 37 11
69 74 100
9 13 34
53 86 13
38 43 100
84 10 100
10 12 48
91 90 21
33 83 16
27 80 44
9 15 45
57 89 10
60 60 100
97 4 100
59 78 23
25 34 33
80 83 50
87 88 35
44 52 51
84 37 15
41 44 100
15 24 100
14 23 100
40 42 100
77 82 100
91 0 40
48 11 12
91 90 29
91 0 39
69 74 100
2 99 21
11 28 25
40 88 20
17 68 18
16 66 17
8 37 12
51 55 100
56 58 100
8 59 8
99 4 25
62 75 25
86 0 23
27 37 32
12 64 12
89 0 26
55 84 15
10 62 10
77 86 24
99 8 21
51 53 100
60 57 100
8 45 10
92 1 56
63 77 100
32 38 44
89 43 10
38 86 20
7 10 22
10 17 43
89 0 27
98 5 46
99 98 29
10 52 10
50 86 17
78 85 27
72 17 26
54 9 9
81 16 100
48 91 8
33 38 100
29 91 8
95 5 100
11 27 26
34 84 18
14 23 100
78 85 27
91 46 9
41 44 100
99 8 23
76 31 24
18 27 100
53 10 11
99 6 43
95 5 100
8 9 20
33 32 33
48 10 11
40 85 29
9 62 9
80 80 46
36 9 15
49 11 11
85 39 17
77 86 24
76 31 24
59 9 10
87 0 21
78 81 50
86 53 13
97 4 56
99 7 42
87 86 37
33 83 16
85 79 17
18 50 18
82 83 33
7 55 8
89 88 41
98 99 31
76 82 100
99 6 41
0 97 22
91 0 58
42 90 10
89 50 10
15 66 15
75 88 14
76 21 100
45 90 16
37 8 10
62 64 100
79 80 49
13 23 46
37 41 100
9 62 9
92 47 7
45 50 100
67 73 100
83 35 28
92 6 100
16 67 18
40 44 100
99 98 30
25 34 51
31 81 48
10 29 11
99 8 21
7 32 7
0 99 39
33 38 100
93 2 54
57 58 100
56 89 10
99 97 30
90 49 9
47 50 100
57 15 17
99 6 43
0 99 100
24 76 23
13 24 14
42 44 100
83 82 30
14 25 100
20 19 29
6 11 22
6 92 100
38 42 100
89 0 26
88 42 13
93 0 30
98 97 29
92 6 100
7 32 7
10 28 10
89 0 26
82 81 21
90 90 37
62 64 100
63 77 100
86 53 13
90 0 29
11 54 11
28 90 9
79 80 48
88 42 13
55 57 100
73 66 26
17 52 18
9 63 9
62 75 25
0 99 23
57 8 9
51 55 100
0 99 39
8 9 20
66 72 100
51 85 14
52 58 44
9 63 9
20 19 40
28 79 20
15 66 15
97 4 49
54 56 100
18 27 100
13 65 13
0 99 26
74 65 25
44 53 55
56 16 17
21 70 21
46 49 100
53 56 100
94 5 100
15 22 17
62 60 100
62 60 100
81 15 44
15 29 100
88 43 11
68 72 100
97 4 48
82 83 33
75 33 25
99 98 30
81 82 35
57 8 9
98 3 47
40 88 14
27 36 33
50 12 12
82 83 34
6 56 6
70 69 45
99 97 37
72 19 31
31 81 44
42 8 14
10 84 21
91 0 40
76 87 14
52 54 100
98 99 30
79 60 20
47 92 9
77 82 100
28 11 12
72 67 37
95 0 29
17 52 18
0 99 100
47 9 10
83 43 16
31 33 33
32 85 15
20 19 48
19 18 18
11 55 11
99 99 19
13 22 50
8 9 20
29 80 45
6 66 6
88 87 44
99 99 25
65 72 27
1 99 40
86 41 16
50 56 45
40 87 22
48 91 11
60 62 100
12 25 12
69 74 100
71 68 28
27 37 31
0 99 39
99 98 31
8 45 9
99 98 32
86 53 13
98 3 47
12 66 13
51 54 100
7 56 7
49 92 8
10 85 23
24 77 23
51 55 100
0 98 37
17 68 18
66 69 100
77 81 100
34 84 36
44 89 19
74 79 100
33 83 38
88 8 100
32 38 44
35 40 100
99 99 30
99 8 38
84 79 20
65 74 57
81 12 30
56 16 16
10 85 23
77 86 24
8 56 8
52 58 46
83 82 31
51 59 40
61 93 7
0 98 24
56 89 10
61 64 100
90 0 30
37 86 19
14 26 100
54 56 100
7 58 7
16 52 17
27 36 45
75 88 13
66 73 53
84 39 19
65 72 100
63 77 100
66 69 100
39 9 18
9 14 46
89 55 10
11 28 25
11 84 23
43 20 26
31 81 42
87 42 14
11 53 12
6 56 6
18 50 18
99 98 31
76 31 24
0 99 25
11 53 11
55 57 100
34 39 100
0 98 27
60 79 21
9 8 18
5 92 34
12 87 20
74 18 40
6 92 29
25 13 17
99 99 20
9 86 25
56 16 17
51 53 100
1 99 35
0 99 60
92 47 7
87 41 13
20 19 50
76 87 22
8 73 8
72 17 27
0 99 25
12 64 13
41 44 100
62 60 100
28 79 20
80 46 19
0 97 24
69 76 100
87 88 46
87 54 12
14 25 100
59 79 59
18 27 100
88 42 13
10 62 10
85 40 17
7 10 23
29 79 20
8 70 8
23 73 23
33 83 38
43 93 6
79 11 24
19 26 100
11 84 23
0 99 100
91 0 40
52 58 44
62 76 24
70 75 100
29 33 100
70 75 100
97 6 46
7 46 8
86 86 46
29 34 100
14 25 100
8 88 25
91 0 58
35 40 100
54 9 9
0 99 37
6 57 6
90 48 9
79 31 21
37 47 65
72 67 34
69 76 100
7 58 7
81 33 20
90 48 9
60 62 100
90 89 41
15 66 15
52 87 12
7 10 33
26 12 15
33 37 100
77 29 37
59 78 23
55 84 15
40 87 18
20 19 50
91 90 20
87 52 12
51 57 46
32 38 36
46 49 100
11 28 11
12 82 22
54 56 100
