1000
44 49 100
73 31 41
8 92 30
96 92 33
19 90 21
50 59 43
63 7 7
7 61 7
31 72 33
43 89 10
18 83 31
0 98 26
8 61 8
40 81 19
52 58 100
0 99 27
97 0 19
38 45 45
40 94 5
61 81 29
77 25 100
9 79 9
19 90 24
7 7 100
96 3 49
14 50 25
84 29 44
19 90 21
8 0 19
46 88 11
30 69 100
27 73 100
95 92 100
34 75 27
91 88 26
10 33 31
54 87 16
33 75 26
41 83 16
76 18 25
0 8 36
74 75 27
51 92 7
35 63 100
39 80 20
16 48 22
99 99 50
0 98 28
14 50 24
94 90 33
98 4 33
56 89 13
22 64 22
26 67 100
34 76 24
0 9 21
22 19 24
58 80 28
37 63 100
15 51 26
46 92 7
54 87 17
93 9 39
1 2 49
24 70 100
53 89 11
12 87 31
23 65 23
42 92 7
40 11 11
0 97 25
44 81 19
1 2 100
64 6 6
32 68 100
95 93 39
11 57 11
15 51 25
48 56 43
63 83 21
41 91 8
97 96 100
7 0 22
59 61 100
3 0 35
48 61 38
35 64 100
12 54 12
74 13 13
1 2 100
79 24 100
43 91 8
58 81 27
42 51 45
90 31 16
18 83 33
39 11 11
49 57 100
1 2 100
8 61 8
66 8 8
78 69 22
32 68 100
78 24 100
89 87 25
59 81 28
10 56 10
12 48 21
44 90 9
54 62 37
25 67 26
80 24 100
85 83 25
88 14 34
23 65 23
99 99 29
46 88 11
27 73 100
87 82 24
23 65 23
10 76 10
39 80 20
16 17 100
1 2 48
82 18 100
99 99 100
59 81 28
59 82 27
37 78 21
61 87 13
11 32 32
89 30 34
45 51 100
42 45 100
80 22 100
98 97 52
95 1 18
41 91 8
81 27 100
59 81 28
18 25 34
12 13 100
77 16 20
81 22 100
0 99 27
18 16 27
96 6 53
28 71 100
39 85 14
71 12 13
98 0 21
47 54 100
37 93 6
82 18 24
56 90 9
38 84 15
0 7 36
38 94 5
13 55 13
84 29 100
45 85 15
9 63 9
14 50 25
51 92 7
40 48 45
38 92 7
2 1 38
90 49 13
75 33 46
47 87 12
0 99 29
85 27 43
1 2 100
1 2 39
86 54 13
81 17 28
55 90 9
13 86 42
82 28 100
10 79 17
64 39 100
31 72 88
70 40 40
24 70 100
34 75 100
12 87 35
73 14 14
53 89 11
43 91 8
17 47 24
17 82 31
87 29 41
15 15 100
15 16 100
19 81 100
30 72 30
70 78 21
47 87 12
76 17 24
6 0 23
49 61 38
84 25 33
74 33 57
51 92 7
96 2 22
87 29 40
0 6 44
25 63 100
6 7 100
40 11 11
51 92 7
66 37 37
64 39 100
83 81 100
99 99 100
9 34 26
43 91 8
14 87 35
70 41 41
99 99 50
93 10 37
3 0 33
40 94 5
52 88 12
49 55 100
19 60 23
0 7 37
99 99 56
54 67 32
88 58 11
47 93 6
23 64 23
99 5 27
86 83 24
67 80 20
67 80 20
44 90 9
34 75 100
61 43 56
91 11 21
64 39 100
97 96 52
29 70 100
17 82 100
44 49 100
69 40 59
43 89 10
17 17 100
8 8 34
99 99 27
63 7 7
24 66 24
11 57 11
32 78 23
72 30 100
38 93 6
46 52 100
36 77 22
0 99 27
15 16 100
61 86 13
17 82 100
71 74 40
82 21 20
10 77 10
0 7 36
18 83 32
30 72 100
29 70 100
88 30 36
58 83 24
46 88 11
67 39 58
17 16 100
25 71 100
80 22 100
62 87 13
79 23 100
41 82 17
48 94 5
41 45 100
55 90 12
42 92 7
0 3 33
50 58 100
35 64 100
96 3 49
35 76 24
63 69 100
61 42 100
38 93 6
19 80 100
46 87 12
95 92 100
44 90 9
27 73 100
59 81 28
34 66 100
25 63 100
42 51 48
43 91 8
55 14 17
14 87 40
55 86 18
68 33 100
84 25 100
18 15 26
54 87 16
58 61 100
14 55 14
45 86 13
70 34 39
0 99 29
42 46 100
4 95 19
72 37 37
17 16 100
21 67 21
79 23 100
12 13 100
49 60 39
13 88 33
18 83 31
42 92 7
31 72 38
99 99 50
64 10 11
0 99 29
42 92 7
0 98 29
16 81 28
67 33 100
75 34 41
44 49 100
37 11 12
2 1 46
88 81 20
72 30 100
87 29 40
15 52 15
72 13 14
98 98 100
48 94 5
21 62 23
0 99 27
60 26 26
99 99 27
34 66 100
72 30 100
59 62 100
91 8 24
9 79 9
0 3 41
72 30 100
26 72 100
98 0 24
15 51 27
87 56 13
52 93 6
43 91 8
3 0 35
0 3 35
96 2 29
40 94 5
21 67 21
56 90 10
50 92 7
90 88 100
20 89 25
39 93 6
25 67 25
0 97 27
8 62 8
98 95 24
43 45 100
4 6 100
11 89 32
14 50 25
25 71 100
25 71 100
68 9 9
68 10 10
82 28 100
15 49 27
63 84 16
27 73 100
82 28 100
15 53 16
43 91 8
23 65 23
35 64 100
30 71 33
76 17 24
82 18 21
12 87 31
56 90 9
66 79 21
77 19 70
42 92 7
0 99 20
65 38 100
46 58 42
42 82 17
3 3 100
0 97 25
35 76 23
66 41 58
46 53 100
44 90 9
54 16 18
86 55 13
96 95 51
83 19 25
13 88 33
96 94 52
40 48 47
50 92 7
63 7 7
71 12 13
22 63 23
15 51 15
82 18 100
79 20 100
42 92 7
19 61 19
46 52 100
62 83 22
97 96 100
45 93 6
12 86 30
99 99 27
49 55 100
48 94 5
10 33 30
43 91 8
66 37 38
39 85 14
83 65 16
24 66 24
21 14 21
0 97 25
62 87 13
95 93 100
83 19 100
41 83 16
47 94 5
7 61 7
20 62 21
43 89 10
59 31 33
93 10 55
0 8 35
20 14 22
33 77 24
26 16 17
98 5 35
24 64 24
55 90 9
52 93 6
0 8 35
4 5 100
49 55 45
87 82 22
97 96 100
47 87 12
15 49 27
40 46 100
98 98 100
12 87 33
18 81 100
16 81 27
39 84 16
18 19 100
90 88 27
59 84 22
47 87 12
43 89 10
38 94 5
19 60 23
68 33 100
34 75 100
12 53 12
15 81 26
51 92 7
99 99 53
99 99 56
11 32 30
45 93 6
8 61 8
63 7 7
90 60 10
73 14 14
99 5 26
54 15 18
99 99 100
78 69 21
51 58 100
37 63 100
93 89 100
89 13 54
15 16 100
99 99 37
43 47 100
42 92 7
46 88 11
5 4 37
90 59 10
0 9 19
0 9 36
39 11 11
80 22 100
52 57 45
30 69 100
50 92 7
17 82 33
89 60 12
89 60 12
8 0 20
47 54 100
48 54 100
51 92 7
81 18 100
73 74 36
22 64 22
0 99 27
49 57 100
59 34 100
47 88 11
76 69 24
67 80 20
15 81 26
99 99 56
0 8 36
48 94 5
99 5 28
8 62 8
9 63 9
8 44 15
97 3 33
53 88 14
94 0 15
53 88 14
49 57 100
81 50 22
10 56 10
43 8 10
4 95 20
42 92 7
16 82 30
68 10 10
28 63 100
48 94 5
85 46 22
28 69 100
99 5 19
4 5 100
99 99 51
90 31 14
63 40 100
97 3 33
40 81 20
3 0 29
46 58 42
29 73 28
8 0 19
98 97 100
33 74 29
38 62 100
56 90 9
74 13 14
0 6 44
89 12 25
45 93 6
69 70 100
0 99 29
43 8 11
61 41 100
82 28 100
94 9 34
56 90 9
21 88 24
12 86 29
34 75 26
90 60 10
35 64 100
5 4 100
13 53 17
18 16 28
30 72 100
32 73 31
67 39 57
65 36 36
60 43 100
23 69 100
34 75 100
60 42 100
3 6 100
93 8 52
48 94 5
99 99 35
77 19 29
70 72 100
54 16 19
14 85 27
73 75 27
51 59 40
46 88 11
10 56 10
48 54 100
40 45 100
20 62 20
8 60 8
0 99 29
50 92 7
17 47 23
77 69 23
8 92 29
20 89 25
61 86 14
75 16 21
69 34 34
46 53 100
35 64 100
71 38 38
93 10 55
7 8 100
35 76 24
6 60 6
99 99 31
15 81 24
15 16 33
98 5 33
31 72 39
62 82 28
17 47 21
6 0 23
46 88 11
43 89 10
71 12 13
15 16 100
47 94 5
66 37 100
8 35 24
4 6 100
12 54 12
13 53 14
18 81 100
99 99 38
10 56 10
60 43 100
6 0 24
18 25 35
80 22 100
63 84 18
34 75 29
84 29 100
65 11 11
21 13 19
47 93 6
69 40 40
99 99 28
14 87 41
8 0 19
11 57 11
46 88 11
99 99 28
8 0 19
89 30 33
65 8 8
79 21 100
99 99 28
84 25 100
78 24 52
45 83 18
54 62 39
38 84 15
77 16 16
96 2 29
35 44 42
99 99 52
62 83 27
24 70 100
45 86 13
55 80 19
87 13 51
38 94 5
56 89 11
61 86 15
8 62 8
78 24 100
53 88 13
51 92 7
31 68 100
88 13 100
2 7 43
65 38 100
22 64 22
83 65 16
50 59 100
25 71 100
11 89 32
28 74 100
10 33 31
60 42 100
49 60 39
0 3 41
97 4 50
85 13 21
39 47 45
9 79 11
14 87 33
66 37 100
1 2 100
35 63 100
22 15 20
97 3 31
39 93 6
49 56 100
8 61 8
3 0 35
93 9 54
15 52 15
82 49 22
60 43 100
15 81 26
84 25 100
97 1 28
44 90 9
38 80 100
64 39 100
95 93 33
53 89 11
7 61 7
61 43 44
8 8 100
89 60 12
95 0 16
44 90 9
33 13 14
46 58 42
29 64 100
92 89 100
26 68 26
46 88 11
79 15 17
35 44 42
30 72 100
73 74 35
42 46 100
69 40 42
54 16 20
57 13 17
19 84 31
21 67 21
6 60 6
45 51 100
22 63 23
54 15 19
78 24 100
40 94 5
52 60 41
39 85 14
0 99 30
77 69 23
40 10 10
2 2 100
43 46 100
81 27 100
99 5 27
25 67 25
86 12 20
1 2 45
90 88 27
14 86 28
52 58 100
45 48 100
6 7 100
7 61 7
33 67 100
32 68 100
6 3 35
6 7 100
43 91 8
78 24 100
89 13 100
44 52 48
20 13 19
15 17 32
0 7 44
46 94 5
29 71 32
55 14 18
36 78 21
62 8 8
16 48 28
56 21 26
23 65 54
3 0 35
11 31 39
49 60 39
35 44 42
38 94 5
3 0 35
40 94 5
49 52 100
95 1 19
22 19 24
40 84 15
95 92 100
74 73 26
13 86 35
38 11 11
20 62 20
99 99 100
40 94 5
39 93 6
50 91 8
42 92 7
41 81 19
57 87 17
37 93 6
11 57 11
30 71 35
74 13 14
0 99 30
47 94 5
57 47 56
81 50 22
76 71 24
51 59 42
19 84 31
48 61 38
10 32 33
39 85 14
34 66 100
11 57 11
69 70 100
86 12 21
33 77 23
98 98 51
14 16 34
20 89 21
14 50 25
39 85 14
34 75 27
10 33 31
47 54 100
95 1 19
13 85 19
12 54 12
53 89 12
45 51 100
81 23 37
0 8 37
29 70 100
34 75 100
3 0 28
73 74 38
82 19 100
77 18 26
11 13 100
96 92 39
65 38 100
44 90 9
16 48 27
83 65 16
2 3 100
56 21 26
37 93 6
39 85 14
56 87 17
52 89 10
11 88 31
85 28 44
89 30 34
13 85 21
42 90 9
59 86 14
31 68 100
46 87 13
56 21 26
80 22 100
43 46 100
37 45 43
10 33 30
96 3 35
8 78 8
14 86 100
61 81 29
25 71 100
92 89 100
28 69 100
8 60 8
0 7 41
32 77 23
39 85 14
33 74 27
46 88 11
96 2 30
14 87 31
76 15 16
81 50 21
85 84 26
3 0 29
18 25 36
94 90 31
98 0 22
40 46 100
65 38 100
55 86 18
9 34 26
60 26 26
15 17 33
54 15 17
16 82 30
11 31 35
44 90 9
38 94 5
72 74 39
10 80 18
46 53 100
67 36 36
23 64 29
66 8 8
23 20 24
0 3 41
10 79 17
48 94 5
13 53 14
36 77 22
61 32 32
60 43 100
34 66 100
98 0 22
42 8 10
20 89 24
73 74 100
12 87 35
47 93 6
28 74 100
97 3 50
27 72 100
93 89 25
7 0 21
41 83 17
7 0 21
50 91 8
69 40 40
72 76 24
45 57 42
37 93 6
38 94 5
66 68 100
72 37 37
78 20 50
12 87 33
45 59 40
32 78 23
70 72 100
77 25 100
79 25 100
88 13 100
42 92 7
17 82 50
73 30 100
6 7 100
18 15 26
23 64 54
65 38 100
7 61 7
54 86 18
97 96 26
52 60 39
97 1 28
99 99 100
50 59 42
27 73 100
99 5 20
98 4 32
9 34 28
32 68 100
67 38 55
7 61 7
12 54 12
99 99 37
87 12 20
66 37 100
0 3 34
44 90 9
0 8 36
54 90 11
99 99 51
68 9 9
8 0 19
14 50 23
38 79 20
58 61 100
47 87 12
10 80 18
44 46 100
