1000
47 54 100
33 47 36
98 3 39
12 43 17
6 56 6
33 72 47
24 84 18
61 86 15
1 0 43
87 98 32
12 52 12
0 0 30
81 20 19
24 59 24
43 57 100
11 67 16
51 89 11
40 9 9
79 17 23
83 21 36
29 71 100
38 8 8
51 89 11
69 14 100
85 9 49
66 79 54
16 28 32
0 1 27
49 9 9
43 7 7
60 34 100
75 15 100
70 13 100
65 20 60
13 36 15
99 86 25
66 79 32
63 43 36
86 99 21
64 81 29
10 43 14
26 44 27
9 40 9
35 43 100
63 38 44
12 9 31
0 1 44
45 83 20
23 62 23
44 63 41
15 79 32
9 39 12
15 33 15
59 32 100
20 58 20
99 4 16
86 99 22
51 32 34
41 59 100
66 79 54
85 56 15
32 51 32
17 30 37
54 29 64
81 83 100
99 86 24
11 89 41
32 69 41
44 21 21
6 52 6
7 37 8
15 45 20
1 0 100
44 57 15
52 33 100
36 74 25
9 56 10
71 10 32
69 14 34
16 54 16
8 54 8
1 0 100
84 23 33
41 58 100
95 90 37
99 86 24
56 42 100
62 39 39
9 59 9
13 82 100
31 70 86
6 54 6
34 49 34
84 22 34
92 0 21
6 95 33
68 49 31
40 45 100
1 0 100
71 76 30
12 9 24
95 0 29
34 65 100
61 31 100
8 38 11
66 79 35
38 8 8
11 49 11
19 82 30
82 65 19
25 58 25
65 26 100
10 49 10
98 3 41
34 14 17
24 18 28
8 8 30
81 83 100
18 35 19
33 14 17
6 47 6
11 84 37
27 73 100
32 71 51
91 92 100
1 0 93
61 40 40
42 23 24
6 7 44
86 25 16
35 11 11
11 50 11
43 48 100
53 42 100
16 77 100
96 89 35
82 66 19
71 76 30
71 15 100
82 20 40
66 9 12
18 22 100
80 66 24
75 15 100
70 9 28
16 29 17
90 95 47
27 73 100
87 26 16
17 55 17
40 9 9
50 51 100
12 73 19
11 50 11
5 52 5
35 10 10
25 19 28
7 37 7
8 53 8
12 11 100
34 49 34
7 93 21
68 15 33
16 29 16
36 12 12
7 55 7
91 94 49
24 20 23
35 73 48
35 11 11
12 73 23
30 47 31
23 62 100
22 61 30
6 37 6
11 42 17
5 95 30
94 5 47
76 14 100
7 46 7
38 62 100
93 93 47
15 24 21
87 89 100
87 89 100
0 1 50
66 10 25
81 20 38
25 43 25
63 39 38
22 61 22
19 34 19
28 72 100
22 77 100
2 1 100
99 86 24
41 8 9
30 14 16
11 49 11
53 30 33
14 32 14
14 26 18
51 32 37
11 42 11
36 12 12
10 55 12
1 0 44
60 31 100
87 90 100
14 8 21
52 90 9
16 77 32
58 41 100
23 62 100
83 9 64
11 66 15
9 55 9
12 86 40
87 98 31
98 3 43
93 97 45
18 31 36
8 38 10
81 64 20
40 46 100
10 90 40
62 42 37
94 91 43
0 0 27
44 7 7
15 78 30
19 57 19
85 24 16
15 32 15
7 46 7
24 19 23
29 44 32
6 7 100
13 84 44
68 8 9
56 37 100
23 60 23
60 31 100
93 93 100
49 54 100
24 56 25
18 82 31
63 37 100
15 79 33
99 4 18
87 26 16
87 98 35
8 38 12
0 99 31
29 56 100
16 55 16
48 53 100
97 88 30
99 91 28
21 20 100
14 32 14
93 92 50
40 67 36
14 76 24
21 39 22
87 98 32
45 82 21
93 92 100
62 37 100
48 86 14
62 42 37
7 55 7
12 83 42
64 26 100
20 22 100
1 0 100
9 41 9
21 23 100
6 47 6
30 16 18
42 58 100
86 55 14
11 66 14
43 23 23
38 47 100
54 40 100
73 12 39
61 41 42
81 83 100
35 48 100
32 13 14
91 92 100
86 55 14
20 58 100
70 76 35
81 83 100
50 26 27
38 62 100
58 32 100
16 79 33
24 18 22
44 7 7
95 5 46
63 39 38
31 69 100
72 11 100
42 23 24
34 14 15
53 42 100
44 24 24
47 27 28
14 45 19
48 86 14
51 54 100
16 55 16
0 99 31
76 81 100
8 38 12
65 26 100
81 83 100
12 48 13
82 19 43
0 99 33
7 46 7
33 72 48
96 94 39
86 55 14
16 55 18
19 82 29
15 38 20
40 67 36
32 68 100
37 75 25
49 54 100
54 31 34
91 94 49
6 56 6
31 69 100
98 3 39
44 7 7
40 9 9
31 70 100
21 59 21
16 48 19
19 33 19
32 48 32
6 47 6
35 58 100
31 70 100
41 58 100
9 55 10
10 50 10
90 95 51
31 69 100
27 73 100
6 7 29
17 30 37
11 66 14
48 10 10
13 27 15
1 0 52
61 41 39
11 9 33
77 80 30
99 86 22
44 7 7
64 38 37
71 15 100
98 87 26
41 8 8
12 50 12
69 76 36
46 85 14
39 8 8
53 43 100
73 12 100
18 31 36
2 0 42
28 71 100
61 30 100
6 45 7
14 32 14
21 78 100
17 29 37
21 25 25
80 82 100
28 73 100
81 64 21
36 10 10
65 80 49
56 42 100
16 48 19
30 18 24
53 32 33
72 11 34
99 4 16
85 24 16
82 18 47
47 86 14
6 52 6
58 41 100
51 32 37
82 19 43
15 79 100
0 0 30
0 99 33
20 58 20
49 52 100
67 80 29
8 38 9
99 87 23
11 84 35
9 39 13
15 45 21
93 97 45
64 81 26
9 24 12
28 43 25
3 96 31
95 4 46
34 12 12
89 91 100
72 11 100
51 89 11
9 57 9
48 53 100
11 10 31
30 71 100
42 22 22
7 93 40
9 40 10
41 47 100
81 20 18
99 86 24
6 56 6
5 5 44
50 87 13
86 55 13
61 41 42
4 97 30
0 0 28
9 41 9
52 27 100
21 59 100
10 48 10
36 10 10
6 53 6
66 10 25
12 9 31
50 88 11
32 71 50
39 8 8
37 70 29
12 9 28
21 39 22
82 20 39
21 26 26
9 57 9
55 82 18
10 10 28
73 12 100
96 5 44
46 63 37
75 13 100
85 56 14
7 93 34
38 47 100
13 82 100
17 54 18
92 93 100
43 23 23
28 43 32
28 71 100
99 4 29
86 99 28
94 0 26
3 97 32
43 22 22
97 3 45
32 68 100
92 93 100
7 55 7
28 43 33
6 53 6
13 86 41
1 0 53
7 52 7
86 55 14
20 81 29
6 36 7
1 0 26
37 10 10
6 53 6
11 49 11
23 62 100
88 99 22
53 43 100
50 55 100
20 58 100
94 5 48
73 16 100
11 50 11
46 55 100
66 10 25
68 12 30
35 73 49
99 4 16
9 50 9
71 10 24
47 86 14
70 76 100
14 45 19
51 32 100
7 46 7
0 1 45
43 8 8
32 49 32
82 59 17
47 53 100
43 48 100
4 97 29
79 15 100
0 0 30
10 49 10
19 82 30
44 57 100
32 68 100
99 2 31
82 63 18
9 39 13
19 82 30
13 84 40
8 54 8
99 4 17
87 98 24
45 8 8
91 0 20
7 57 7
14 45 18
43 23 23
8 64 9
48 85 15
52 43 100
52 90 10
42 8 8
45 6 6
77 16 23
50 88 11
6 95 33
9 23 15
58 34 100
85 24 16
84 23 25
58 32 100
79 17 23
16 77 100
33 71 44
5 52 5
38 62 100
23 61 23
24 60 25
32 51 32
1 0 46
12 9 24
10 49 10
13 82 100
63 38 44
54 43 100
7 38 8
14 77 25
62 39 43
0 99 32
6 47 6
27 73 100
62 42 37
88 99 18
38 62 100
75 15 100
5 95 34
38 8 8
7 46 7
20 26 27
66 79 51
82 65 18
57 41 100
1 0 100
87 98 32
19 33 19
91 94 53
54 29 34
31 70 43
0 0 31
54 41 100
92 93 100
91 92 100
40 60 100
22 61 100
19 57 19
24 19 22
64 82 25
7 93 39
77 81 100
33 13 13
8 54 8
28 43 29
45 63 40
16 28 19
72 11 13
42 47 100
53 42 100
81 60 18
9 40 11
11 42 17
11 50 11
71 76 30
41 24 24
35 11 11
49 87 12
94 0 26
87 98 32
14 54 15
49 52 100
54 40 100
35 11 11
95 5 47
18 23 100
12 48 13
8 51 8
0 0 30
12 71 21
68 13 31
84 22 34
55 30 62
35 12 12
80 68 25
67 10 27
53 32 35
35 73 26
15 33 15
23 16 100
15 9 21
32 62 100
82 65 18
89 91 100
3 97 31
99 86 25
83 13 100
68 13 31
26 44 27
35 43 100
98 87 28
31 15 17
24 61 100
47 85 15
24 61 27
69 14 100
24 18 22
11 68 16
41 8 9
32 17 28
50 88 11
85 9 53
67 80 21
41 24 25
0 1 31
45 63 40
0 0 28
16 55 16
8 57 8
84 15 100
83 58 16
23 62 100
90 95 47
21 59 21
82 65 20
38 71 29
50 26 26
98 3 39
86 55 14
96 5 44
42 22 22
89 91 100
37 68 32
0 99 31
64 24 58
37 10 10
84 23 16
46 85 16
52 90 10
62 31 100
0 99 32
8 64 9
58 34 100
80 16 100
0 1 45
55 35 100
63 83 17
68 49 31
38 47 100
24 61 100
87 98 39
86 85 100
33 13 14
41 60 100
69 76 36
52 31 62
98 3 43
40 20 20
53 30 32
52 90 9
89 96 48
34 66 100
1 0 100
41 59 100
86 55 14
87 98 32
11 50 11
52 47 100
7 46 8
95 90 37
0 1 50
11 50 11
32 14 15
36 45 100
66 79 30
91 92 100
0 0 31
42 22 22
18 77 100
53 37 100
67 10 27
50 87 13
86 99 20
64 82 25
17 14 100
88 99 22
46 12 12
12 73 23
15 54 15
96 89 34
60 41 100
23 61 100
7 93 31
47 27 27
36 10 10
77 83 27
91 94 100
48 86 14
44 57 100
23 62 24
30 16 19
10 59 10
9 55 10
61 84 18
72 75 26
48 53 100
16 48 19
37 71 28
60 31 100
10 67 14
14 38 18
36 10 10
34 15 19
88 99 24
61 86 15
1 0 100
44 57 100
21 15 100
40 9 9
99 86 25
62 85 16
0 1 51
50 88 12
61 84 18
38 45 100
51 50 100
79 15 100
46 60 40
35 63 100
34 65 100
96 89 34
14 13 100
47 25 25
27 72 100
82 18 47
97 88 30
83 59 16
21 27 26
51 32 34
34 10 10
61 41 42
45 63 37
42 65 40
24 42 24
18 33 34
8 56 8
31 70 49
10 90 40
97 2 41
13 86 35
6 36 7
6 53 6
15 46 20
24 84 22
51 48 100
66 10 25
7 8 28
71 76 29
20 60 100
72 76 28
18 56 19
64 38 37
9 39 13
93 93 47
51 90 10
61 84 18
99 86 24
49 9 9
50 31 34
0 99 32
6 44 7
13 45 14
12 86 39
6 47 6
16 79 33
53 90 9
52 31 63
16 78 32
9 39 13
98 3 43
34 15 15
11 42 16
11 43 16
45 59 43
37 63 100
11 66 14
21 22 100
81 20 31
84 23 16
34 73 49
97 2 42
8 57 8
13 46 16
17 30 17
0 1 45
45 63 40
47 53 100
7 55 7
6 56 6
38 69 31
32 13 15
50 51 100
35 73 26
25 19 28
61 40 100
87 90 100
11 9 34
19 57 19
20 79 100
43 24 24
76 14 100
6 7 32
57 37 100
64 83 23
51 32 33
97 88 28
1 0 100
11 23 18
52 90 9
48 26 26
10 39 15
24 19 28
97 2 45
30 48 30
27 43 27
6 53 6
64 43 35
8 53 8
58 34 100
1 0 34
30 47 30
14 12 100
39 46 100
8 45 10
95 0 44
17 30 37
39 7 7
85 9 53
0 99 34
28 72 100
76 14 100
60 34 100
42 8 8
1 0 43
94 0 25
15 54 15
96 1 43
44 7 7
64 81 34
39 68 34
98 3 39
10 24 15
99 91 27
18 33 18
12 71 21
86 99 30
10 49 10
45 58 100
60 40 100
25 55 27
19 82 29
98 89 26
81 20 39
21 84 16
14 52 14
17 30 18
70 9 28
7 46 7
96 1 43
87 98 23
49 51 100
97 88 30
95 90 37
6 56 6
0 0 28
90 95 47
35 73 26
66 9 12
15 76 29
18 82 32
10 43 14
56 42 100
34 43 100
15 54 15
9 50 9
99 86 24
23 62 100
95 4 46
17 55 17
21 59 100
90 95 47
77 81 100
40 20 22
63 83 18
13 53 13
81 64 20
17 32 17
86 99 19
36 74 25
34 49 34
60 87 14
7 37 7
77 81 100
79 68 26
57 26 64
11 89 41
71 10 31
66 10 25
77 81 100
29 71 100
20 22 100
73 12 100
78 83 26
13 84 45
31 70 100
74 13 100
13 53 13
94 91 43
55 35 100
9 22 16
45 25 25
39 8 8
13 27 16
2 98 32
54 29 64
80 18 47
19 20 100
69 13 13
69 13 31
12 73 23
35 64 100
0 1 46
44 83 17
83 22 35
18 81 33
24 19 22
34 66 100
12 46 14
14 38 18
16 54 16
64 43 35
34 72 47
6 56 6
47 86 14
20 58 20
29 44 33
53 42 100
56 34 39
7 55 7
52 43 100
