1000
55 41 100
37 47 48
9 52 11
4 0 46
38 81 19
84 11 55
22 65 11
86 72 20
91 97 43
18 84 28
36 51 39
74 17 19
39 13 17
20 63 23
49 39 100
8 9 42
93 36 7
85 61 15
96 5 18
16 59 16
76 20 100
40 12 15
64 7 13
21 64 100
6 91 37
35 78 22
70 13 14
8 69 13
9 99 20
67 10 10
71 62 100
75 18 100
9 10 100
84 11 55
48 91 9
91 9 24
18 61 18
47 90 9
99 88 23
77 18 23
73 55 27
22 65 23
0 89 25
52 35 100
20 63 23
37 47 44
9 95 27
88 99 19
57 30 35
9 52 11
88 99 20
9 78 23
50 93 6
30 68 100
83 10 21
90 56 9
89 32 10
82 25 25
63 58 100
82 25 27
71 14 14
89 99 38
24 67 29
22 65 100
86 86 100
8 9 48
5 89 33
90 98 40
91 47 8
55 32 33
50 93 6
18 61 19
80 23 100
14 11 27
45 29 100
12 55 12
98 0 24
89 8 34
15 86 31
4 99 26
91 34 9
93 92 100
72 15 15
50 37 100
54 33 62
2 97 30
46 61 100
0 0 46
9 52 9
81 24 100
11 87 100
99 0 20
99 0 32
39 82 17
94 37 5
99 0 28
87 61 12
52 47 100
72 15 100
48 11 12
93 36 7
82 9 19
37 64 100
29 70 100
71 14 14
17 83 31
8 69 13
6 97 27
65 8 14
90 33 9
90 8 33
78 21 100
89 99 17
35 49 44
10 53 11
44 87 12
78 55 21
86 86 100
33 76 23
86 12 26
60 27 32
7 91 45
29 72 100
10 87 100
93 91 100
72 15 100
98 89 27
70 13 14
56 31 35
78 21 21
47 90 9
99 0 23
53 42 100
57 55 100
9 10 100
13 87 39
40 13 16
7 50 9
85 84 100
14 57 15
10 53 10
86 84 100
83 72 25
75 18 100
19 85 25
0 0 49
55 32 63
24 67 100
32 75 11
7 50 8
85 77 26
54 43 100
91 34 8
64 7 14
20 63 12
13 56 13
40 83 16
47 90 9
96 91 29
92 90 100
36 79 21
85 37 14
24 67 28
90 56 10
41 84 15
87 44 14
92 95 66
48 78 21
28 71 34
89 32 10
88 99 19
44 21 27
72 15 100
84 11 56
38 14 15
9 52 11
98 2 22
32 75 88
19 79 100
94 37 5
49 34 100
95 92 100
84 73 24
87 87 100
87 86 100
91 97 49
32 75 24
38 81 19
84 77 28
99 88 25
98 89 28
84 27 15
39 23 100
23 66 100
72 15 100
48 91 9
11 54 11
6 49 7
99 88 25
98 0 26
10 77 23
10 53 10
34 77 28
95 94 28
62 36 40
9 52 10
32 75 32
30 68 100
21 64 100
90 56 10
14 57 14
72 15 16
67 58 100
86 85 100
22 65 100
48 80 19
10 53 10
22 65 28
88 99 18
3 0 47
82 25 24
99 0 32
97 1 23
90 33 9
52 47 100
35 78 22
99 0 26
10 87 100
16 44 22
67 58 32
90 56 10
33 76 33
78 21 23
86 60 13
10 99 19
88 99 16
84 11 23
79 22 100
30 73 100
99 88 20
67 60 100
97 90 30
30 68 100
33 76 100
55 41 100
34 77 22
88 99 19
28 71 100
17 83 31
49 92 8
17 45 22
6 97 28
89 50 10
48 79 20
68 28 100
85 78 27
54 43 100
11 54 13
47 10 10
29 72 100
6 58 6
3 4 100
99 88 25
17 43 24
43 86 13
70 53 29
56 30 34
22 65 100
29 69 100
91 34 9
44 87 12
10 53 10
95 93 44
77 20 100
23 66 100
94 93 100
89 42 13
76 19 100
37 47 21
16 44 22
48 56 100
78 55 21
86 29 14
42 85 14
52 39 100
50 36 100
1 3 56
89 98 39
85 84 100
64 59 100
91 34 8
92 91 100
93 36 7
19 79 100
44 87 12
75 18 100
71 14 33
45 62 100
65 28 100
41 84 16
65 8 13
27 70 11
80 23 49
85 28 15
35 65 100
20 63 100
99 88 25
45 88 11
51 37 100
85 45 17
83 26 22
1 6 53
58 29 35
56 53 100
51 94 5
0 87 23
23 66 100
88 14 20
76 19 100
20 78 100
84 27 19
7 96 29
3 88 28
81 24 18
84 12 55
14 57 15
19 85 24
9 52 10
88 99 16
44 87 12
39 82 17
56 30 100
38 81 20
56 41 100
85 37 14
22 65 100
4 47 6
71 62 100
86 13 25
45 21 21
15 58 15
3 5 100
9 68 13
52 35 61
87 13 23
8 51 8
91 12 16
48 32 100
72 63 100
49 39 100
60 28 35
87 30 13
96 91 40
31 68 100
23 66 100
99 0 25
99 0 48
83 72 23
93 30 7
50 93 6
6 91 94
13 56 14
10 81 28
0 0 32
13 56 13
14 10 30
44 87 12
74 17 100
64 7 13
50 93 6
17 82 31
9 52 10
94 37 5
64 82 21
57 55 100
21 64 100
7 96 28
71 14 33
77 20 100
27 70 100
16 59 16
88 41 13
19 79 100
27 70 35
99 88 23
22 65 100
22 65 100
46 89 11
21 64 22
98 0 33
54 34 100
99 0 49
38 81 19
5 48 7
57 30 36
18 84 26
64 7 13
81 24 100
85 28 14
14 10 26
67 60 100
20 63 23
52 35 35
7 8 100
98 0 25
24 67 28
56 31 64
54 43 100
13 74 24
45 8 8
63 6 10
37 47 48
30 73 26
23 66 27
70 13 31
88 99 20
37 80 20
89 15 15
90 33 9
8 93 41
80 7 11
92 90 100
5 6 100
22 65 23
89 47 11
54 43 100
8 51 9
93 91 100
90 56 10
99 0 33
38 14 19
52 47 100
89 15 17
16 87 26
71 14 14
16 59 17
21 64 22
91 48 8
90 98 40
64 7 14
17 45 23
77 51 22
20 63 100
77 18 100
84 10 22
68 11 11
55 88 14
32 75 24
10 53 10
86 29 14
6 90 100
39 13 19
98 89 26
97 90 27
26 69 11
39 82 17
9 98 23
78 55 21
51 94 5
45 21 21
32 75 100
96 91 32
58 87 19
18 80 100
50 93 6
5 2 47
60 56 100
94 93 100
34 77 30
80 23 100
20 63 20
46 89 10
76 20 100
69 56 31
48 91 9
46 61 27
84 11 23
72 15 15
3 0 48
40 26 100
32 75 100
43 86 13
0 7 46
5 48 8
2 1 100
2 1 100
89 14 19
37 80 20
64 38 35
68 11 11
63 6 9
89 32 10
10 53 10
11 72 19
95 92 100
82 73 25
50 40 100
63 58 100
73 16 100
2 2 100
78 21 100
73 16 17
56 41 100
42 18 22
44 87 12
91 97 43
91 48 8
27 70 11
23 66 12
81 7 16
78 21 100
18 61 18
35 65 100
46 10 10
20 63 23
48 10 11
47 90 9
70 53 29
54 43 100
54 41 100
89 47 10
21 64 100
40 83 16
47 90 9
8 51 9
50 40 100
43 29 100
44 87 12
43 86 13
88 99 16
64 7 14
82 25 44
12 55 12
6 49 8
99 0 24
26 69 11
21 64 10
8 51 8
36 79 21
97 90 29
63 6 8
66 9 14
50 40 100
94 37 5
49 92 8
38 48 20
90 46 9
87 13 22
4 88 29
79 56 20
71 62 100
65 22 25
48 91 9
40 26 100
91 57 9
8 9 100
85 11 45
45 7 7
54 33 100
0 1 51
3 0 61
63 41 43
55 32 63
87 13 19
9 69 14
94 92 100
84 11 53
61 56 100
91 57 9
4 99 25
8 94 31
14 57 14
47 90 9
29 72 100
70 13 14
90 33 9
64 60 100
22 65 100
65 42 40
94 37 5
43 86 13
88 99 32
4 89 30
46 61 16
65 58 100
7 8 100
38 81 19
13 56 13
3 4 100
5 89 32
7 91 40
98 89 27
49 38 100
72 15 100
93 91 100
46 61 100
72 15 100
33 76 33
20 63 12
25 68 30
57 30 35
76 19 100
80 23 19
90 98 19
84 77 28
78 21 25
66 9 14
50 93 6
53 44 100
61 56 100
79 22 22
89 32 10
9 52 11
4 99 26
10 77 23
73 51 26
15 58 15
44 20 22
35 50 36
83 68 21
70 53 29
54 43 100
49 34 100
5 48 7
95 92 100
14 15 100
80 23 28
93 30 7
83 72 25
86 29 14
3 0 47
45 88 11
82 25 100
89 32 10
99 0 23
83 61 17
45 88 11
83 72 25
33 76 23
23 66 100
80 7 11
37 65 100
0 0 30
21 64 100
38 48 42
17 82 31
79 22 100
10 53 12
64 7 13
50 36 100
57 30 35
48 91 9
84 80 100
85 39 16
96 91 40
73 16 100
52 83 17
83 39 17
46 61 38
3 88 28
92 35 8
2 1 100
9 98 22
48 91 9
65 42 40
55 32 33
11 54 11
11 72 19
83 39 16
3 5 100
7 50 9
17 82 100
20 63 23
97 90 30
17 45 23
55 88 15
21 64 21
30 73 28
55 32 33
1 2 70
88 99 18
79 22 100
36 48 45
19 88 21
92 96 49
37 47 21
78 21 22
11 72 19
80 7 15
28 71 100
65 8 14
51 94 5
71 62 100
94 93 100
71 14 33
43 62 100
91 34 8
35 50 16
52 38 100
76 19 100
13 56 14
74 17 100
99 0 25
63 58 100
70 52 29
30 73 40
1 3 53
81 7 16
90 33 9
47 90 9
90 98 41
71 62 100
72 15 100
47 57 100
80 7 13
31 74 25
42 18 21
52 47 100
98 2 22
96 91 39
1 2 100
87 99 15
92 35 8
52 36 100
77 20 25
92 91 100
58 29 35
7 50 8
88 88 100
48 34 100
65 8 14
18 85 26
12 55 12
43 86 13
40 24 100
94 37 5
85 78 26
90 33 9
45 60 16
15 86 32
71 62 100
87 86 100
4 99 26
35 50 39
82 72 24
5 48 7
12 86 100
85 28 15
56 54 100
16 87 28
35 49 38
5 48 7
48 91 9
87 99 15
0 0 30
53 44 100
13 87 39
18 85 26
29 69 100
92 35 8
17 82 31
88 42 15
6 97 27
11 72 19
63 39 36
14 85 100
56 53 100
75 18 100
60 27 33
14 57 14
30 73 12
80 23 100
67 10 14
91 34 8
49 39 100
55 41 100
9 12 100
73 16 17
56 33 100
38 63 100
56 31 35
10 13 100
43 86 13
77 20 100
32 75 100
98 89 27
86 99 14
84 27 15
71 14 33
64 7 9
9 94 29
6 49 8
91 8 27
9 52 9
1 6 52
89 15 18
2 2 100
35 78 22
78 18 24
7 96 28
84 76 24
67 10 11
97 90 30
96 5 18
53 44 100
91 34 8
0 0 32
1 96 32
73 16 100
48 78 21
30 73 39
43 86 13
86 45 16
3 4 100
99 0 20
88 99 16
43 86 13
94 37 5
19 62 19
83 41 22
89 42 13
5 48 7
84 11 54
64 82 21
20 63 20
51 8 8
92 96 49
86 45 16
19 84 26
14 85 33
4 99 27
35 50 38
5 3 48
84 38 15
47 31 100
28 71 12
77 20 100
38 48 41
44 87 12
1 3 56
84 27 20
63 84 20
13 56 14
87 13 22
18 61 18
43 19 26
54 43 100
83 39 17
87 61 12
99 88 25
71 55 29
53 42 100
82 25 24
89 32 10
30 68 100
9 12 100
44 87 12
45 88 11
74 17 100
88 10 27
39 23 100
11 54 14
55 32 100
90 33 9
99 0 28
93 36 7
72 15 100
48 91 8
31 74 11
97 90 29
99 0 24
39 13 20
37 47 48
84 27 15
9 8 33
99 88 23
42 18 23
9 98 22
44 29 100
98 89 27
72 15 15
88 87 100
56 53 100
48 91 8
89 99 18
90 8 33
53 90 10
93 94 100
99 0 27
77 20 100
22 65 100
39 25 100
62 83 22
98 89 27
32 75 11
36 51 37
1 86 24
48 10 11
28 71 32
84 27 15
43 86 13
94 37 5
48 8 9
35 49 43
48 91 9
43 19 25
8 51 9
57 55 100
70 57 100
5 96 29
77 51 22
0 89 24
89 8 25
64 61 34
61 37 42
99 0 27
50 93 6
50 93 6
43 19 26
8 51 8
53 42 100
44 87 12
95 94 44
86 99 14
64 7 13
91 97 45
95 94 28
93 30 7
29 72 29
15 58 15
4 99 26
63 58 100
67 59 100
8 79 24
81 24 18
87 30 13
75 18 100
80 23 47
18 84 27
73 16 100
54 33 53
30 73 100
90 33 9
64 7 14
89 7 24
81 58 19
48 80 19
80 7 12
45 21 21
21 64 22
36 51 16
21 64 11
76 19 100
38 81 19
72 15 100
8 94 37
89 99 38
71 14 14
32 75 100
76 20 100
75 18 100
3 4 100
51 9 9
93 94 100
75 21 100
19 79 100
77 20 25
31 74 88
70 61 100
63 6 11
99 0 28
94 37 5
1 86 23
45 88 11
95 92 100
32 75 28
22 65 100
38 14 19
14 57 14
99 88 24
47 31 100
96 91 33
90 33 9
64 7 14
68 11 14
0 86 22
44 29 100
70 13 14
90 33 9
17 45 24
84 68 18
91 97 43
20 87 21
92 30 8
0 7 48
78 18 24
49 39 100
15 58 15
60 27 33
56 51 100
