1000
48 46 100
16 32 19
61 87 12
99 9 32
90 0 18
82 66 58
16 11 20
16 11 21
65 83 21
86 75 19
89 88 29
38 10 15
15 12 23
81 71 47
44 54 100
67 43 32
51 12 12
14 14 26
47 11 13
92 99 24
70 68 100
93 99 22
91 99 22
79 69 100
66 82 25
16 32 18
83 65 17
0 88 19
8 40 8
40 8 9
30 32 100
21 27 100
19 29 100
97 7 48
80 88 22
12 42 12
12 43 19
78 70 22
13 45 15
72 76 28
16 51 22
51 73 27
88 33 13
47 36 100
94 2 40
13 44 17
92 2 36
9 99 24
23 25 29
0 89 26
10 9 28
53 85 14
67 13 14
29 31 100
9 39 10
96 0 24
77 19 26
26 22 38
42 56 100
95 99 30
80 88 22
9 10 30
31 17 30
97 98 85
26 22 100
52 84 15
16 32 60
99 9 32
66 12 12
53 86 13
76 72 23
73 83 28
95 5 100
7 41 7
60 35 100
62 86 14
89 75 14
24 24 31
54 38 38
34 60 36
45 33 34
28 20 100
59 89 10
45 56 100
98 8 50
38 10 15
60 41 100
28 20 20
56 15 15
82 72 100
95 3 100
91 74 8
73 83 23
26 22 24
91 74 8
62 86 14
39 9 10
44 53 100
96 6 100
45 32 33
39 9 10
41 84 15
64 49 100
25 30 100
9 39 9
95 99 28
31 17 17
65 47 36
67 81 18
90 75 12
45 63 36
76 72 100
61 10 13
63 85 15
19 29 21
21 34 21
89 59 13
79 69 100
88 60 13
25 23 26
80 24 24
2 92 58
22 26 100
3 93 57
95 6 100
20 28 72
16 32 16
99 9 32
8 98 30
49 14 15
35 59 36
0 1 27
50 48 100
54 40 100
6 92 100
30 18 32
13 63 16
68 14 15
21 27 100
84 64 18
91 57 8
71 77 100
85 85 30
20 28 100
58 90 9
92 0 23
29 19 43
28 28 100
9 99 20
90 75 12
86 31 23
52 44 100
63 47 37
14 46 17
99 96 21
9 19 20
66 82 17
87 61 14
64 84 15
6 90 100
70 78 25
63 85 14
75 83 24
84 64 17
27 21 21
38 10 10
97 98 43
2 0 23
31 17 30
58 90 9
86 84 28
80 68 20
4 94 100
5 95 52
16 53 18
0 0 28
83 14 26
29 19 43
13 87 100
16 83 29
38 57 100
97 3 100
0 90 23
90 12 100
85 15 100
68 80 30
15 83 31
63 85 14
89 59 13
64 49 38
16 32 17
76 86 21
79 74 100
78 70 100
5 91 100
63 49 39
77 19 25
99 96 22
13 43 20
59 89 10
89 34 10
10 38 11
98 8 35
57 91 8
39 82 18
10 99 23
17 31 61
28 32 100
26 22 100
15 52 19
24 85 19
1 0 28
48 34 100
26 22 100
29 19 100
1 0 25
49 72 30
5 95 47
17 31 17
93 1 37
1 91 47
62 46 40
8 40 8
14 13 26
45 51 100
47 61 41
50 73 29
97 98 43
43 86 13
99 96 23
80 88 22
18 30 65
38 10 10
77 87 20
10 18 22
0 90 23
99 9 32
19 29 100
97 3 46
7 41 7
60 41 100
64 84 16
29 31 100
19 29 100
52 44 100
96 99 36
0 0 28
24 31 100
89 88 29
54 86 13
14 75 20
89 88 29
8 40 8
61 50 42
62 34 100
56 75 24
51 45 100
84 64 17
12 16 26
21 27 100
91 74 8
3 93 100
0 89 32
13 35 13
34 14 15
65 48 36
75 73 28
29 19 100
28 31 100
34 56 35
93 1 36
38 10 13
68 80 32
71 69 100
22 26 100
79 69 100
85 15 28
70 69 100
49 75 27
92 99 22
55 39 100
99 9 31
58 90 9
14 45 23
44 54 100
57 38 100
61 51 47
32 16 19
25 23 100
47 36 100
51 12 12
94 7 100
90 0 19
26 22 100
44 33 33
79 69 100
11 11 30
38 57 100
30 31 100
33 15 17
99 96 24
48 11 13
82 66 60
59 89 11
67 57 100
81 67 100
84 64 17
61 87 12
43 54 100
89 59 13
84 64 18
98 98 32
0 88 21
53 42 100
98 0 26
34 60 35
22 26 100
8 40 8
72 70 100
72 76 100
8 98 30
64 84 15
43 33 34
39 9 10
2 92 58
63 85 15
8 40 8
0 88 21
89 59 12
99 97 28
62 86 14
31 31 100
99 9 32
53 43 100
59 89 10
29 19 44
92 56 7
67 57 100
99 97 28
39 9 10
32 22 22
79 69 100
86 84 23
96 99 36
89 59 16
1 0 25
52 87 12
38 58 100
68 58 100
42 54 100
65 45 34
12 44 13
97 7 49
68 58 100
21 24 100
0 0 27
16 32 31
44 33 33
81 67 18
99 9 31
18 30 65
37 59 40
49 34 37
90 75 11
84 64 16
65 12 13
74 56 25
20 28 100
33 22 22
12 44 13
13 43 20
80 16 29
90 75 10
56 75 24
54 40 100
69 79 100
25 23 27
46 61 40
70 69 100
23 31 100
79 69 20
57 91 8
20 28 100
31 17 30
16 12 22
72 76 100
71 77 100
99 9 32
13 45 15
17 31 17
41 56 100
99 97 41
79 69 20
9 19 20
83 65 39
91 74 9
88 33 17
4 94 100
18 37 19
41 84 15
59 37 100
71 81 30
16 32 19
96 6 100
79 69 20
9 99 24
98 97 44
49 47 100
43 33 34
31 85 14
13 99 16
12 11 32
76 18 24
31 17 30
71 77 26
69 79 21
38 10 10
43 86 13
21 35 21
82 66 57
89 34 10
5 91 100
4 94 100
16 51 22
99 9 25
50 46 100
37 11 16
19 29 100
90 58 9
99 96 37
1 0 25
47 49 100
88 33 13
35 59 36
0 1 27
63 85 15
10 99 21
51 88 12
55 39 39
43 32 32
16 83 29
39 25 25
69 79 100
9 89 100
71 77 24
57 91 8
70 78 21
85 83 28
80 68 19
12 44 13
29 19 43
50 13 14
11 99 19
59 89 10
57 91 8
75 83 24
34 14 17
88 33 18
14 81 26
9 99 20
81 67 100
2 92 47
86 82 22
69 79 100
76 18 23
92 99 25
56 39 100
82 82 100
7 97 39
95 5 100
0 0 28
59 89 10
70 69 100
68 14 15
76 18 24
65 12 13
99 96 27
24 86 18
1 91 47
46 61 100
96 6 100
89 59 12
92 0 26
14 75 22
94 2 41
97 7 50
67 43 32
27 21 21
21 34 21
89 59 10
57 11 11
0 1 27
47 12 15
68 14 15
69 79 100
16 53 20
44 54 100
42 56 100
81 67 100
97 98 43
78 70 100
70 78 23
53 43 100
12 16 27
84 64 17
7 97 35
56 92 7
60 9 10
90 58 9
37 11 12
76 72 100
81 71 44
36 60 100
82 66 17
47 61 41
12 46 15
99 96 24
9 39 10
52 44 100
51 48 100
87 61 14
79 69 100
86 62 17
19 33 20
90 0 20
44 53 100
65 49 100
97 1 28
1 0 26
81 67 18
76 18 25
68 80 32
84 15 29
43 86 13
99 96 27
61 10 12
51 88 12
41 31 33
93 1 36
61 87 12
51 12 12
0 89 23
44 54 100
46 32 33
80 24 31
51 73 27
17 31 17
64 84 15
32 16 19
32 63 35
65 47 100
27 21 21
53 85 14
30 31 100
40 8 9
19 29 100
99 9 33
21 36 21
39 56 100
83 65 18
83 65 51
9 9 29
68 80 29
16 83 29
41 85 14
68 80 100
94 2 40
58 49 100
88 80 16
79 89 19
7 97 35
58 90 9
62 10 10
23 29 100
84 64 17
75 55 25
41 57 100
20 28 100
15 33 16
21 36 21
92 0 21
12 11 28
93 99 27
61 10 10
49 34 100
96 6 100
0 0 28
75 17 33
97 98 100
60 49 46
94 2 40
67 81 18
57 38 100
4 93 100
4 93 100
59 49 100
27 21 100
97 98 40
64 84 15
91 99 22
81 71 22
77 72 100
90 75 13
58 90 9
88 75 17
36 12 16
98 6 36
73 17 18
50 48 100
56 39 100
53 85 14
49 74 28
12 12 28
76 72 23
58 90 9
59 89 10
98 98 30
14 63 17
86 82 23
10 99 23
51 74 26
49 47 100
58 38 100
0 90 23
5 95 53
71 77 100
16 32 16
39 82 17
56 88 11
59 89 10
13 43 20
64 49 38
3 93 57
35 59 36
8 40 8
18 30 19
36 58 37
59 89 10
34 61 36
22 26 100
68 42 31
35 32 100
8 40 8
81 67 100
52 84 15
12 43 13
4 94 100
24 24 29
85 83 25
57 38 100
12 43 18
70 78 22
72 76 100
41 83 16
97 98 41
69 79 100
16 53 20
42 85 14
4 96 29
32 16 17
16 83 30
79 69 54
90 75 12
9 39 10
48 72 30
17 31 17
11 99 19
32 63 35
90 0 18
3 93 100
1 0 25
69 79 100
47 59 43
64 84 15
86 31 22
9 39 9
13 99 16
82 66 17
0 88 21
98 97 43
14 45 17
93 8 100
0 90 46
31 86 13
82 66 60
79 89 19
58 90 9
68 14 15
12 99 17
25 30 100
75 17 23
12 62 15
31 32 100
4 94 100
8 98 33
61 46 100
58 90 9
83 14 25
43 53 100
70 69 100
24 24 29
84 15 100
50 73 28
41 56 100
19 29 21
97 7 49
99 97 36
33 22 22
11 41 11
2 94 29
99 9 32
36 59 100
3 93 100
59 49 100
91 99 21
0 0 29
58 90 9
45 53 100
74 17 21
83 65 60
97 98 43
47 74 27
50 13 14
48 38 100
33 15 17
95 6 100
14 45 19
15 12 23
7 90 100
60 49 100
44 33 33
66 50 37
64 84 15
76 18 28
84 16 100
39 9 10
91 74 8
43 65 34
99 7 22
93 1 37
45 60 100
20 28 100
0 89 22
51 35 36
54 86 13
99 9 20
96 6 100
59 89 10
54 44 100
40 55 44
81 87 24
64 84 15
77 87 20
18 30 18
12 46 14
49 47 100
98 97 40
74 56 25
25 30 100
75 55 25
99 97 28
90 58 10
0 90 42
91 99 22
91 57 8
28 20 100
53 42 100
25 23 100
16 51 22
96 99 28
51 12 12
19 29 63
21 35 21
99 9 32
43 53 100
53 45 100
81 67 100
63 85 14
38 58 100
64 48 100
73 82 24
26 22 100
47 74 27
70 69 100
95 3 100
32 16 18
79 89 18
69 79 21
46 61 40
14 34 14
64 84 15
12 46 15
61 87 12
37 11 12
99 96 27
12 46 15
69 79 34
1 91 47
89 88 29
99 96 28
88 33 11
20 35 20
93 1 37
68 43 31
52 44 100
83 65 17
41 84 15
81 67 18
27 21 100
0 88 19
2 92 49
35 13 14
15 83 31
70 78 100
54 15 15
12 16 27
0 90 23
71 77 22
60 50 47
38 10 15
90 99 19
43 86 13
96 99 38
12 44 13
69 79 22
16 11 20
94 2 41
90 0 20
15 83 31
93 1 37
67 81 18
14 45 17
34 14 17
37 11 12
36 32 100
42 32 33
76 72 100
9 39 9
9 39 9
18 30 65
84 64 18
8 40 8
56 38 38
89 75 15
8 98 33
77 86 21
52 44 100
62 51 42
9 19 20
14 13 26
88 60 17
49 47 100
83 65 18
18 30 19
35 61 100
8 89 100
84 14 40
10 99 23
9 89 100
64 45 36
71 77 100
52 36 36
35 32 100
14 46 18
43 64 36
69 79 20
19 29 100
38 10 10
83 65 16
12 43 13
0 0 27
9 99 21
99 9 32
84 64 17
0 1 27
86 31 14
31 21 21
83 65 17
64 48 100
64 48 38
9 39 10
91 10 100
53 42 100
56 75 24
99 9 32
83 65 34
91 61 10
29 19 100
36 58 38
70 69 100
70 78 100
30 31 100
28 20 20
0 90 47
51 82 18
96 99 27
14 14 28
87 81 19
63 85 14
52 84 15
89 59 17
80 24 24
9 50 15
0 1 30
28 20 20
99 96 27
89 75 16
55 39 100
37 59 100
61 87 12
90 58 9
67 13 14
23 25 29
87 81 18
16 32 17
34 14 17
20 35 20
71 77 23
12 43 15
89 59 10
49 47 100
62 86 14
68 80 31
34 56 34
72 76 25
29 19 43
88 60 12
79 89 18
29 19 19
82 66 17
14 85 32
42 56 100
58 38 100
61 87 12
59 89 10
30 18 19
26 22 100
5 95 52
50 13 14
93 8 100
83 65 39
21 27 100
92 0 23
14 14 26
12 12 28
75 17 23
13 45 15
1 97 29
91 61 10
10 10 29
10 49 15
88 33 11
77 72 100
99 97 26
94 2 42
66 82 23
80 70 20
89 59 10
23 25 100
69 67 100
77 75 100
19 29 100
92 56 7
79 69 54
68 58 100
20 28 100
88 74 16
19 29 63
36 32 100
14 75 22
70 78 24
8 40 8
58 90 9
14 12 26
20 28 100
73 83 29
78 70 100
57 91 8
76 72 26
59 89 10
38 58 100
51 61 40
52 86 13
56 75 24
92 0 34
0 1 27
61 34 100
76 85 23
35 13 17
84 84 28
20 34 20
30 18 40
27 21 21
51 12 12
9 99 25
35 59 37
44 54 100
14 63 17
97 99 28
53 42 100
