1000
50 49 100
42 67 33
82 31 17
34 83 19
12 72 12
32 81 41
90 84 15
14 63 14
0 9 25
81 30 18
15 88 26
0 98 24
16 76 18
88 11 54
44 59 100
23 42 23
13 85 24
20 15 25
35 93 9
10 94 25
71 31 100
91 62 8
34 31 31
29 78 100
24 73 32
90 90 31
83 32 17
91 72 9
16 19 26
63 90 9
70 32 100
27 76 100
31 80 100
9 0 46
11 0 19
85 67 14
85 87 27
74 23 31
99 99 23
10 0 31
20 45 20
82 70 18
91 7 25
62 46 100
99 99 35
10 94 25
74 23 31
20 17 28
64 45 43
24 85 20
0 8 23
19 90 17
90 58 12
30 73 100
82 70 18
8 68 8
99 99 23
33 82 27
62 46 100
95 94 33
59 8 26
89 10 29
9 0 43
24 73 51
81 29 100
11 59 14
43 66 42
16 89 29
12 0 17
42 12 13
40 89 11
80 29 20
99 99 100
47 11 16
68 35 100
99 99 25
86 35 15
33 82 20
0 9 25
16 52 17
99 99 24
99 99 100
90 39 10
43 62 100
45 64 44
11 59 14
66 39 100
11 0 19
92 68 7
4 4 94
2 6 40
93 35 6
99 99 31
90 39 17
33 32 32
9 0 32
12 0 18
49 50 100
87 14 100
4 94 24
87 36 12
83 69 17
68 35 100
28 75 100
92 41 9
99 99 26
25 40 25
90 39 17
78 67 21
91 7 25
89 89 26
79 28 100
99 99 21
73 22 33
84 87 28
0 8 22
23 42 24
25 74 100
36 62 36
90 39 17
94 43 9
88 11 63
26 75 100
99 99 100
30 79 100
2 7 36
89 10 29
99 99 26
0 9 23
55 88 11
34 83 19
10 59 13
54 53 100
60 48 100
32 81 100
23 84 39
48 91 10
99 99 24
80 29 100
84 15 29
68 17 17
80 29 100
97 97 24
80 29 100
38 27 28
39 88 14
60 49 54
28 75 100
90 56 10
91 7 25
28 77 22
50 50 100
38 91 11
10 59 13
93 35 6
26 86 13
85 88 27
93 35 6
57 88 12
5 4 100
15 89 25
8 68 8
23 75 25
86 35 13
0 8 22
11 0 19
7 1 44
35 94 8
99 99 34
84 59 18
89 9 30
22 76 25
99 99 100
8 1 45
7 94 24
10 0 21
20 45 20
23 83 41
29 78 100
33 32 33
39 64 100
43 66 63
18 16 28
81 30 100
7 6 100
99 99 35
90 39 9
91 12 24
89 64 10
11 0 20
62 47 44
99 99 24
28 77 100
80 29 100
83 19 100
90 8 29
99 99 23
8 68 8
9 93 27
89 88 23
72 81 27
39 88 14
9 0 44
85 44 19
99 99 24
15 87 26
99 99 34
31 74 100
5 5 100
59 8 17
84 89 26
89 89 26
38 65 100
21 17 100
30 79 100
0 98 24
34 32 33
23 84 42
38 27 29
16 89 32
44 65 34
41 68 33
31 80 19
18 89 20
56 54 100
95 95 34
90 39 17
7 1 46
90 84 16
21 70 21
59 8 26
0 8 30
22 17 25
88 65 11
10 59 10
40 89 12
90 39 10
83 26 100
87 13 100
14 41 14
38 65 100
88 11 30
30 73 100
75 24 100
50 49 100
67 42 44
90 9 29
28 75 100
33 82 19
87 36 13
99 99 21
20 69 20
46 90 10
17 18 28
71 32 100
9 0 21
51 52 100
9 93 27
23 12 19
26 75 100
56 89 10
87 14 100
72 21 35
67 16 16
48 10 16
11 91 26
81 30 18
99 99 100
29 74 100
67 86 25
75 24 29
90 8 25
1 7 32
74 28 100
27 76 100
7 2 100
93 35 6
74 28 100
15 50 15
40 89 12
61 50 100
91 40 9
91 61 8
89 9 30
59 55 100
62 46 100
99 99 34
82 31 17
75 24 100
41 64 100
93 42 9
80 29 100
41 68 32
81 29 100
90 8 29
75 24 100
73 22 33
66 37 100
71 32 100
33 82 19
40 89 12
55 88 11
99 99 82
18 71 19
31 73 100
25 74 100
13 62 14
85 16 27
43 62 100
15 87 24
66 43 43
21 70 23
90 39 11
49 48 100
9 56 11
18 67 19
27 76 100
13 85 24
74 28 100
21 18 100
21 18 34
88 11 29
95 94 23
97 98 24
43 66 44
89 10 29
10 59 10
40 69 32
0 10 20
89 88 24
42 67 33
31 73 100
21 71 23
50 49 100
89 57 13
75 24 91
85 44 19
31 73 100
30 79 20
88 37 12
16 43 18
80 29 100
13 85 23
0 8 27
90 90 24
25 74 25
67 86 17
66 37 100
32 30 100
42 61 100
84 61 17
0 10 19
1 7 32
31 73 100
27 76 100
11 59 14
33 82 27
91 61 9
55 88 11
1 97 24
87 12 64
37 61 41
0 9 21
89 58 13
92 36 7
21 88 17
17 15 28
8 7 100
91 40 9
57 88 11
89 38 17
2 96 24
97 1 24
87 66 12
60 48 100
30 79 100
42 67 33
74 23 32
70 30 100
28 75 100
42 12 12
82 70 17
80 29 100
16 89 24
7 95 24
27 76 100
29 78 100
72 84 32
30 79 20
21 70 23
63 43 100
99 98 33
84 88 29
68 41 25
74 23 32
72 21 18
39 88 14
87 13 100
92 69 7
73 22 17
38 65 100
99 99 34
88 14 27
4 5 100
89 38 10
10 0 27
8 1 45
53 53 100
83 32 17
89 57 13
9 0 20
82 31 18
57 88 13
21 85 36
99 99 27
14 63 14
39 88 13
9 0 20
89 38 10
0 8 29
19 90 16
82 28 100
30 79 100
89 63 10
92 41 9
52 52 100
85 34 16
6 3 100
15 50 16
99 99 34
92 36 7
55 54 100
91 61 8
18 16 28
3 4 28
22 71 24
90 39 9
0 9 20
89 10 29
70 19 35
80 29 19
44 93 6
29 78 100
5 5 100
8 0 22
49 92 10
8 57 10
61 48 43
18 89 21
40 69 32
54 55 58
72 21 30
39 88 14
0 98 24
95 95 20
23 72 24
79 85 30
79 67 20
49 92 9
72 63 27
4 5 100
43 66 44
84 88 26
99 99 100
23 42 23
10 0 35
60 48 100
7 2 100
80 29 44
99 99 100
13 62 14
18 17 30
71 31 100
86 35 14
17 71 17
9 58 10
10 0 21
85 34 14
9 0 43
31 73 100
99 99 100
89 64 10
12 61 14
64 45 41
23 84 42
23 83 55
92 41 9
92 60 8
91 61 9
16 76 17
60 9 17
39 26 26
42 23 24
87 36 13
3 6 100
41 68 32
44 59 100
62 46 100
5 5 100
7 2 45
79 28 100
24 85 19
59 50 100
73 61 27
41 68 33
49 60 44
41 90 9
83 89 26
87 66 12
0 98 24
76 25 100
24 73 24
69 33 100
91 40 9
66 43 44
12 72 12
72 82 31
65 44 39
51 51 100
50 49 100
0 8 21
30 79 100
71 20 37
68 85 27
85 60 16
49 49 100
32 71 100
40 89 12
56 53 43
0 8 22
18 44 19
75 24 64
76 25 26
15 41 15
36 62 36
93 16 14
67 85 18
59 8 16
33 82 19
18 71 18
49 92 9
0 9 21
53 54 100
19 90 17
52 89 12
23 12 18
2 96 23
18 67 19
41 68 33
91 71 8
70 32 100
93 42 9
18 90 18
71 32 100
49 92 9
6 3 100
86 13 30
99 99 20
40 64 100
9 0 41
0 8 27
59 51 42
75 24 54
57 52 28
55 88 11
87 14 100
74 23 56
61 47 100
59 8 12
91 71 8
45 64 36
70 19 38
73 62 26
27 76 100
14 63 15
48 10 16
41 64 100
28 77 100
89 9 30
45 10 13
0 10 19
0 9 22
89 89 31
84 59 17
66 39 100
99 99 100
83 69 17
89 9 30
75 24 97
17 88 34
45 64 45
9 93 27
41 62 100
83 19 100
80 29 100
42 64 100
4 5 100
99 99 35
41 24 18
62 47 43
0 9 24
76 25 100
63 89 17
85 88 27
89 64 10
99 99 24
9 0 22
18 45 18
55 54 100
61 47 100
1 97 24
89 9 25
14 63 14
18 15 27
90 39 9
48 10 17
19 44 20
20 69 20
71 20 32
99 99 24
86 66 14
51 52 100
64 39 100
43 92 7
55 54 62
8 7 100
21 18 34
92 60 8
0 9 21
84 33 16
12 91 26
0 9 21
1 7 33
37 86 18
12 57 17
83 69 17
62 47 43
72 21 35
36 63 36
27 76 100
26 39 26
32 71 100
93 42 9
82 31 100
10 0 21
22 18 27
75 24 100
9 0 31
21 88 17
41 62 100
21 18 29
85 34 16
76 25 100
15 72 15
1 7 32
82 31 100
10 59 12
28 77 22
85 88 26
24 73 24
82 31 17
23 83 57
68 85 25
16 52 16
99 99 25
73 63 27
13 56 17
70 83 25
84 33 16
30 79 100
91 40 9
25 74 100
61 48 44
88 10 30
8 0 22
23 12 18
94 94 23
0 8 23
48 91 10
24 73 32
34 32 33
30 79 100
0 9 22
41 90 9
99 99 35
59 50 39
15 50 16
0 10 19
59 87 13
28 75 100
19 70 20
90 38 9
69 33 100
25 74 100
43 66 33
38 65 100
78 27 22
74 61 25
43 62 100
70 30 100
33 82 19
81 30 100
83 69 17
41 63 100
34 83 19
9 0 47
65 44 44
47 90 11
19 15 26
0 98 23
0 9 25
35 68 100
24 73 51
62 46 100
44 93 6
89 9 30
24 41 24
56 54 100
15 75 16
99 99 35
24 73 38
13 56 16
59 8 26
43 62 100
21 18 34
99 99 100
41 68 32
92 15 16
31 80 100
39 64 100
90 39 17
14 63 14
17 66 18
21 18 28
80 29 100
63 90 9
81 30 18
82 70 18
91 7 25
9 0 43
69 34 100
7 6 100
7 1 24
72 21 35
83 70 16
52 89 12
80 29 100
88 65 11
60 48 100
89 89 29
90 39 9
89 38 10
40 69 32
90 84 17
15 50 15
53 54 100
9 0 44
91 40 9
28 75 100
40 89 11
23 75 25
42 12 13
18 88 23
34 32 33
23 12 18
4 5 100
49 48 100
24 22 100
11 60 13
73 85 32
59 8 26
99 99 100
0 10 20
18 17 29
44 59 100
50 49 100
5 5 100
48 91 9
67 38 100
67 35 100
64 45 44
82 31 100
40 89 12
74 28 100
99 99 100
33 82 19
86 12 24
37 61 39
74 23 31
85 17 20
82 31 18
41 23 23
90 39 17
80 29 19
83 32 17
88 65 11
24 74 51
60 49 44
41 68 33
99 99 31
68 41 24
99 99 22
21 85 36
89 38 10
54 54 100
32 81 19
62 47 42
92 15 16
6 3 100
19 90 16
61 48 44
44 69 30
14 86 26
7 2 46
0 98 23
10 59 13
89 64 10
8 57 9
99 99 34
67 86 25
94 34 5
34 83 18
88 11 54
34 83 18
89 89 26
90 38 9
55 54 50
0 8 21
91 40 9
32 81 20
0 9 21
81 30 18
20 71 21
10 0 20
66 37 100
44 93 6
76 25 100
57 88 12
40 89 12
32 81 40
89 10 29
94 43 9
16 89 24
15 87 24
9 0 42
11 0 20
51 51 100
91 61 9
8 67 8
18 89 20
90 9 29
54 53 100
60 50 43
37 61 38
31 73 100
82 26 100
99 99 25
58 52 42
81 30 100
11 91 27
29 78 100
72 21 35
35 68 100
11 59 14
85 34 17
0 8 21
6 3 100
87 36 14
9 56 12
14 63 14
20 69 20
10 59 13
82 31 17
90 39 17
15 50 16
9 58 10
40 89 12
39 26 26
68 34 100
59 51 42
89 64 10
31 80 100
59 52 100
88 86 21
1 97 24
42 67 33
80 29 19
99 99 100
14 63 16
71 31 100
30 79 100
71 32 100
91 61 9
0 9 23
16 19 26
24 85 17
24 85 19
49 92 10
10 0 31
11 59 14
89 38 10
38 27 22
92 69 7
17 88 24
82 70 18
29 78 21
17 51 17
60 48 100
36 69 100
82 70 18
48 91 10
17 66 18
34 83 19
76 25 17
12 90 27
85 87 27
48 91 10
92 69 7
37 62 38
34 83 19
53 53 100
63 46 43
54 55 45
87 66 12
82 70 17
53 56 44
63 89 16
14 63 14
67 42 43
99 99 24
1 97 24
41 63 100
66 38 100
32 81 19
43 22 18
16 43 17
28 77 100
99 99 35
91 40 9
4 5 100
88 11 32
26 75 100
88 64 11
89 89 24
0 9 21
69 84 29
56 53 43
81 71 18
44 93 6
12 90 27
94 43 9
36 62 36
77 26 100
40 89 12
2 6 36
22 84 38
99 99 26
19 90 17
26 75 100
71 31 100
76 25 100
25 74 100
92 69 7
23 83 59
71 31 100
30 79 100
12 61 13
87 13 63
35 68 100
84 15 24
18 89 22
13 85 23
69 84 28
85 67 14
23 83 60
0 9 25
25 74 100
93 42 9
18 43 20
82 70 18
64 35 100
9 0 45
78 20 25
4 94 24
99 99 25
63 90 9
32 71 100
21 18 34
2 96 24
85 60 16
89 89 23
23 84 41
45 94 5
56 88 11
18 69 18
90 39 17
43 62 100
69 84 28
18 44 19
58 55 100
