1000
52 44 100
57 83 29
93 93 29
48 89 10
62 77 22
91 8 52
83 25 18
72 85 21
9 1 35
40 75 24
1 99 27
4 94 20
80 72 19
16 42 40
45 60 100
72 38 27
20 88 20
10 53 13
14 0 17
15 81 23
71 25 100
11 38 14
88 64 11
28 82 100
8 1 36
31 65 31
81 27 31
48 95 4
1 7 23
13 49 13
35 69 100
19 19 100
48 84 100
19 85 35
25 90 14
60 79 20
14 48 25
52 90 9
88 64 12
99 99 29
77 89 25
49 90 9
55 93 7
56 35 100
70 42 65
47 90 9
0 8 45
50 89 10
0 98 26
95 12 29
46 81 18
56 92 7
11 56 13
71 26 100
77 77 27
25 16 22
8 99 21
1 7 49
56 36 100
17 45 37
99 99 27
30 66 30
99 97 36
92 10 58
33 80 100
18 35 26
2 96 29
71 39 45
62 91 8
31 22 22
47 94 5
56 82 29
98 98 100
62 91 8
37 67 100
29 67 29
42 93 6
94 94 30
15 41 36
40 89 10
64 89 12
38 73 100
44 91 8
44 61 100
16 40 43
92 94 29
67 34 100
11 77 11
41 95 4
92 12 100
22 86 100
77 33 24
17 45 33
46 82 17
38 93 6
16 82 26
16 82 17
44 57 100
4 4 100
13 79 13
84 70 15
39 75 24
38 67 100
36 72 100
25 16 23
99 99 29
40 12 15
2 96 25
36 75 24
47 94 5
94 11 36
81 25 100
99 99 24
48 83 16
17 37 39
81 67 19
11 52 13
82 26 100
0 9 31
48 89 10
38 93 6
2 6 48
81 21 100
5 3 42
89 14 100
36 72 80
52 87 14
46 81 19
99 99 29
14 31 15
58 18 28
84 51 18
52 52 100
55 41 100
87 20 100
1 7 49
56 93 6
53 91 9
34 74 100
0 8 45
44 92 7
30 80 100
99 99 28
17 17 100
19 86 23
59 20 31
7 1 38
79 23 100
11 58 12
56 93 6
11 76 11
46 46 100
90 62 9
43 92 7
35 93 6
9 42 9
48 60 39
41 12 14
11 76 11
24 84 100
51 86 17
96 13 16
37 71 29
0 8 21
18 44 21
56 93 6
6 2 40
65 90 9
90 7 49
9 54 12
51 58 41
36 72 29
82 27 100
93 10 58
49 90 9
78 75 26
77 63 23
6 2 40
62 79 100
9 99 15
42 63 100
4 4 44
41 90 9
10 8 100
48 83 100
17 89 38
46 51 48
17 83 22
25 62 25
45 84 15
9 0 28
65 88 15
18 17 100
81 25 100
24 85 100
72 86 23
37 91 8
7 71 8
60 79 23
92 94 30
8 55 9
11 0 24
17 89 36
66 15 18
50 89 10
3 95 22
71 39 56
30 26 100
37 81 100
88 3 28
27 92 8
22 88 27
67 33 100
84 16 100
22 86 100
9 99 20
24 90 15
8 1 37
7 99 23
9 0 34
53 55 47
1 99 28
51 90 9
14 80 17
44 57 100
21 87 33
14 49 14
92 10 57
44 92 7
43 85 14
52 59 40
70 43 66
84 53 16
55 93 7
89 63 11
25 64 26
0 99 22
24 85 100
73 37 65
44 93 6
68 32 100
1 97 29
72 26 100
5 3 100
52 44 100
51 82 24
11 0 25
35 71 100
2 96 26
2 94 15
26 92 7
10 0 27
9 99 20
64 90 9
35 70 100
13 39 15
48 48 100
90 7 40
96 13 18
62 77 100
7 71 7
5 3 100
89 6 41
29 93 6
86 22 18
47 90 9
15 81 23
96 96 100
59 72 100
12 52 14
22 88 27
64 67 34
74 35 64
37 73 100
62 77 100
98 98 100
48 94 5
28 24 100
24 68 24
89 64 10
55 40 100
25 17 25
37 92 7
75 48 30
45 59 100
67 35 100
91 8 52
17 82 27
63 78 100
45 63 100
41 94 5
49 84 100
16 82 18
6 6 100
61 78 21
61 78 100
61 80 33
45 63 100
32 26 100
80 28 29
25 91 12
44 83 16
21 85 100
11 0 25
71 28 100
5 4 100
0 99 25
96 96 29
43 60 100
14 34 23
38 73 26
21 87 32
95 12 28
54 42 100
42 94 5
91 94 29
21 20 100
53 91 8
33 72 100
62 79 100
69 44 32
1 97 28
15 81 22
82 26 19
92 9 55
99 99 29
41 94 5
31 22 26
44 93 6
18 35 42
68 86 29
70 29 100
28 63 29
52 43 100
99 0 28
3 5 46
90 62 9
32 26 100
17 37 29
21 30 22
83 52 19
91 13 100
87 66 12
32 64 34
44 83 16
58 93 6
41 94 5
40 63 100
55 70 100
43 61 100
43 91 8
53 91 8
30 66 35
54 70 100
20 19 100
57 83 16
97 99 40
52 90 9
56 17 23
34 88 11
97 99 100
67 87 28
72 36 28
78 32 22
10 53 11
19 43 19
0 10 20
14 9 100
9 53 12
60 20 28
75 89 28
70 84 24
99 99 23
7 71 7
55 42 100
33 80 100
22 88 27
54 54 48
74 25 100
36 72 100
33 89 10
53 91 8
28 82 100
90 7 49
47 94 5
83 18 100
84 20 100
81 25 29
53 91 9
93 94 30
66 34 100
70 42 45
0 9 40
86 49 14
16 40 41
9 55 10
41 94 5
98 98 100
37 92 7
14 2 19
68 32 100
31 65 32
72 38 46
93 94 100
43 92 7
68 85 25
21 87 40
50 50 100
78 75 25
84 70 15
58 22 26
58 83 27
12 0 22
2 96 29
14 40 35
19 34 34
75 44 24
22 57 24
74 83 28
2 6 48
22 89 12
86 21 100
94 94 100
78 32 22
39 14 16
50 50 100
83 69 16
24 85 100
26 92 7
93 10 53
57 93 6
45 57 100
0 10 19
64 89 13
9 75 9
0 8 45
44 92 7
8 55 8
17 82 29
25 91 12
71 40 29
37 92 7
5 5 100
40 80 100
15 32 25
33 87 13
57 86 13
45 84 15
52 88 11
54 91 9
91 9 55
10 53 12
11 0 23
56 92 7
19 34 20
74 34 32
64 88 14
15 32 15
59 94 6
56 85 14
6 4 100
8 1 36
21 17 27
5 4 100
63 90 10
67 87 30
56 43 100
87 21 100
90 8 51
23 85 100
81 27 28
75 89 24
28 26 100
44 93 6
58 82 18
9 54 9
15 81 22
86 49 14
93 10 54
70 29 100
23 85 100
37 91 8
3 95 23
74 83 25
3 5 46
3 5 46
56 93 6
58 94 5
70 87 19
31 22 22
10 76 10
31 17 20
85 2 24
85 52 16
92 13 100
3 93 15
45 60 100
56 36 100
29 83 100
92 11 59
63 78 100
27 18 27
52 43 100
9 53 12
60 77 22
97 99 43
16 82 17
41 10 12
57 18 23
42 93 6
20 19 100
39 71 30
37 68 100
84 70 15
53 79 30
86 22 19
9 54 11
83 69 16
50 50 100
46 46 100
22 89 12
5 4 100
46 91 8
50 89 10
45 92 7
44 57 100
70 30 100
18 44 18
27 18 26
49 88 12
70 39 30
72 38 65
56 91 8
37 92 7
34 77 24
42 94 5
20 15 26
56 61 38
0 98 26
31 22 27
12 93 17
77 31 27
44 57 100
26 92 9
85 49 17
66 15 17
15 47 15
43 85 14
52 57 44
41 95 4
37 68 100
41 94 5
29 19 24
35 70 100
72 38 27
93 93 100
99 97 37
70 87 16
42 62 100
72 36 47
18 84 33
10 0 27
31 65 33
85 49 15
66 15 18
82 29 100
20 87 35
56 36 100
33 78 21
13 0 18
69 44 44
16 82 20
48 89 10
79 23 100
75 89 28
9 75 9
40 56 100
17 17 100
15 81 23
47 94 5
15 47 15
46 81 19
15 39 37
8 73 8
67 33 100
93 94 100
23 89 24
74 89 24
4 4 58
32 64 33
99 99 100
26 22 33
42 61 100
89 15 100
83 28 100
42 62 100
38 74 100
40 69 40
48 94 5
26 62 26
0 98 28
20 19 100
49 90 9
95 13 20
43 92 7
83 69 16
71 37 28
54 92 8
44 56 100
55 37 100
8 99 22
31 22 23
99 99 29
56 93 6
70 40 30
11 76 11
53 90 10
0 10 33
19 43 19
0 99 23
65 88 15
50 50 100
67 34 100
58 93 6
6 2 40
11 9 100
18 35 42
46 95 4
72 86 24
43 92 7
93 93 29
46 82 17
30 66 80
46 91 8
43 85 14
16 37 28
10 0 27
99 99 28
52 91 8
30 78 100
40 90 9
69 30 100
50 92 7
86 16 100
24 90 15
78 64 22
5 4 100
95 12 30
63 89 11
41 55 100
27 63 27
65 65 34
29 79 100
0 10 32
19 85 36
9 7 100
37 91 8
99 99 26
14 32 14
51 88 11
0 96 17
98 98 100
12 0 20
80 29 19
85 16 36
49 88 12
25 91 12
76 90 20
96 13 17
22 86 100
0 99 21
87 21 100
16 40 42
0 98 28
37 91 8
15 81 15
45 92 7
94 11 32
44 83 16
31 65 33
15 81 20
84 30 100
38 73 26
10 42 10
40 69 41
49 88 11
47 94 5
47 93 6
69 42 30
59 73 100
82 69 17
51 93 6
37 68 100
37 73 100
18 84 33
68 32 100
46 93 6
9 74 9
43 57 100
75 24 100
93 94 30
82 27 100
0 9 40
43 62 100
23 89 24
42 68 42
1 7 49
47 93 6
13 79 14
10 75 10
57 83 29
69 30 100
86 22 64
57 38 100
43 53 44
67 47 37
49 90 9
44 57 100
17 45 17
90 8 51
3 5 46
33 87 13
40 89 10
43 61 100
51 58 41
83 29 100
22 89 25
86 22 19
83 29 100
68 34 100
15 81 20
3 95 20
48 93 6
50 89 10
38 74 100
56 85 14
0 99 18
36 75 24
0 10 19
42 68 31
37 68 100
11 9 100
95 13 27
0 9 46
56 85 14
0 94 13
4 4 100
44 91 8
54 42 100
9 0 28
78 31 21
10 0 21
53 91 9
47 94 5
41 95 4
51 53 100
41 70 31
39 90 9
62 70 100
16 83 18
51 88 11
11 77 11
10 0 27
46 51 47
11 93 19
5 3 100
54 42 100
33 78 100
11 76 11
61 78 21
26 92 7
3 5 46
66 15 33
93 93 27
43 57 100
52 44 100
35 82 100
41 88 11
37 63 100
37 66 100
17 83 30
10 8 100
57 83 16
78 24 100
36 72 100
53 55 46
85 2 24
99 99 29
38 72 29
42 94 5
21 87 32
62 76 23
0 98 25
22 89 12
17 45 31
14 31 15
21 85 100
0 98 28
40 75 24
21 88 28
58 94 5
25 64 25
18 84 33
85 52 15
44 56 100
17 83 22
42 93 6
66 89 12
6 4 100
4 93 16
30 66 31
37 77 22
83 69 16
74 35 65
74 83 24
87 2 38
39 90 10
25 91 9
32 64 34
14 39 18
55 92 7
27 93 7
98 98 98
58 93 6
22 88 27
51 93 6
99 99 100
12 0 21
25 91 13
99 99 30
46 91 8
55 53 47
77 64 25
14 34 22
38 66 100
12 37 16
62 77 100
53 91 8
44 93 6
92 9 54
90 7 44
90 93 27
61 80 30
99 99 27
51 85 19
74 47 29
49 47 100
77 63 23
99 0 27
99 99 28
13 49 13
48 48 100
93 10 52
14 40 22
71 28 100
10 8 100
27 63 27
89 6 40
85 16 100
2 96 26
14 10 100
14 48 25
68 32 100
27 68 27
1 99 27
42 93 6
4 4 100
65 15 32
58 94 5
93 93 28
59 20 31
89 6 33
28 63 30
66 87 21
26 91 11
77 63 23
53 91 9
30 22 25
37 67 100
74 34 29
59 20 31
83 29 100
55 45 100
42 93 6
81 27 23
94 94 36
85 71 14
5 3 42
50 89 10
28 26 100
83 28 100
71 28 100
0 96 15
17 44 34
38 91 8
89 6 35
0 9 39
50 92 7
17 82 27
24 90 21
82 26 27
63 75 24
47 94 5
0 8 45
20 88 21
91 6 38
0 96 18
55 41 100
69 30 100
52 57 42
44 92 7
32 87 13
52 58 42
0 99 18
52 57 47
14 49 15
13 0 19
47 94 5
3 95 24
9 54 12
50 50 100
23 89 25
30 66 31
48 89 10
40 89 10
17 89 37
33 78 22
77 63 23
14 49 14
14 49 14
18 35 30
42 61 100
39 56 100
13 50 14
15 47 15
46 51 46
84 20 100
72 36 62
25 69 25
6 5 100
16 42 40
19 19 100
28 19 26
26 62 26
28 67 28
75 48 28
96 2 30
21 89 13
58 94 5
72 36 47
45 92 7
90 62 9
82 21 100
18 85 25
98 98 100
51 80 27
1 99 28
96 13 18
83 18 100
35 70 100
62 77 100
37 73 100
14 80 14
74 35 64
35 70 100
86 20 100
23 89 24
6 2 40
69 33 100
9 99 15
68 85 31
34 77 22
76 90 23
35 74 27
98 98 100
40 70 31
84 20 100
41 94 5
29 20 26
45 84 15
37 66 100
18 85 34
90 93 28
0 10 37
49 89 11
81 72 18
69 30 100
96 96 29
50 89 10
58 84 15
34 77 22
2 6 47
86 21 18
55 93 6
2 96 25
77 89 26
44 61 100
50 89 10
47 93 6
52 43 100
