1000
52 50 100
0 0 36
76 28 23
93 99 27
58 5 5
84 11 36
27 12 14
53 5 5
0 0 57
56 8 8
10 84 25
99 1 26
7 59 7
88 8 36
48 53 100
7 89 22
65 17 17
8 60 8
12 64 12
90 10 27
70 23 100
19 71 20
63 15 15
66 18 100
87 9 36
87 8 34
75 27 28
41 7 8
32 8 11
9 69 9
35 64 100
70 22 100
19 71 100
86 9 36
63 15 15
82 11 23
93 99 27
55 7 7
57 7 7
49 12 17
79 13 22
54 6 6
17 76 17
40 59 100
99 94 44
49 11 12
20 72 29
40 52 47
89 9 32
86 7 29
58 34 34
10 62 10
10 83 16
36 65 100
9 90 27
61 6 6
58 10 10
99 93 43
44 59 100
88 8 35
60 40 39
49 12 17
63 16 18
78 14 100
51 26 100
28 12 29
88 8 36
47 14 22
99 2 22
10 63 10
57 9 9
79 14 32
95 97 100
59 11 11
36 63 100
84 40 19
9 9 33
47 14 21
48 14 21
16 77 21
53 7 7
16 79 100
52 31 32
59 34 100
0 0 59
84 87 28
38 59 100
31 11 25
52 5 5
95 97 100
14 82 100
61 6 6
0 1 33
36 56 40
15 30 17
84 40 20
6 66 6
48 51 100
96 96 100
99 1 24
90 42 10
28 47 29
36 61 100
23 76 100
7 59 7
31 50 43
82 83 28
38 54 45
99 1 26
50 9 9
99 93 40
82 84 100
12 88 23
84 10 31
45 15 23
58 10 10
34 59 35
86 89 100
94 99 24
81 12 29
99 1 23
0 0 59
22 74 100
24 76 100
67 19 100
94 98 100
48 13 19
45 15 24
62 16 16
46 14 14
86 39 13
84 84 29
53 41 100
59 35 100
73 21 100
75 27 31
51 8 8
50 9 9
21 73 100
25 77 37
12 65 12
20 72 100
87 42 14
20 72 100
11 64 11
28 81 28
94 99 34
22 75 100
2 0 24
70 22 22
51 20 20
51 48 100
53 5 5
90 43 12
50 8 8
50 8 8
0 0 33
42 8 10
58 34 34
9 9 100
87 8 33
15 29 18
15 84 37
49 9 10
80 49 28
12 15 29
94 98 100
1 99 23
39 53 61
32 9 15
90 10 27
85 40 16
96 96 100
0 0 100
57 4 4
15 67 17
94 99 24
24 76 100
87 89 100
59 5 5
60 33 100
0 0 100
29 82 26
90 90 100
29 46 100
74 26 33
55 7 7
99 93 36
56 8 8
66 18 19
76 28 29
24 76 31
72 24 100
83 85 100
8 8 100
81 46 24
52 7 7
48 11 12
16 68 20
0 0 34
12 64 12
44 14 15
63 16 19
90 42 10
13 65 14
51 9 9
12 85 59
32 69 100
64 17 100
89 60 29
53 5 5
87 7 31
61 32 100
20 72 100
72 24 100
60 6 6
41 51 47
55 37 41
13 65 14
55 37 37
99 93 40
76 28 29
53 5 5
81 51 29
49 48 100
60 32 32
72 24 31
98 95 100
11 15 19
76 28 23
86 38 13
59 33 33
7 59 8
41 18 20
61 7 7
12 64 12
50 10 10
91 94 100
74 26 100
10 16 16
61 32 100
50 16 21
34 63 100
1 0 100
49 47 100
33 59 64
99 93 39
22 74 100
12 87 36
60 6 6
56 7 7
58 34 35
79 48 27
40 62 37
69 24 100
9 53 15
51 48 100
84 40 20
71 23 24
72 24 100
6 66 6
1 0 100
0 0 34
6 66 6
10 38 10
51 10 11
31 50 42
1 1 100
32 69 100
90 43 12
34 58 37
0 0 33
24 76 100
71 24 100
70 22 100
15 80 100
13 44 13
71 22 100
74 26 25
53 5 5
59 34 100
42 17 19
0 0 26
8 90 29
47 50 100
40 60 100
54 38 43
46 15 23
85 87 100
60 33 100
6 58 7
9 9 100
89 60 29
17 69 100
54 7 7
67 20 100
93 99 28
40 62 100
36 65 100
76 28 25
14 42 17
5 94 22
74 26 100
65 17 17
66 28 100
95 97 100
56 8 8
64 16 16
45 50 100
50 9 9
48 13 19
33 59 36
28 12 30
57 36 100
27 12 14
16 77 19
25 78 100
85 7 22
70 23 100
85 87 100
84 40 20
13 86 37
43 16 23
99 1 24
95 98 67
56 36 37
29 86 21
35 57 38
79 48 27
0 1 33
18 81 36
66 29 100
71 23 31
56 38 100
28 45 28
97 96 100
21 73 21
67 26 100
83 42 18
9 69 9
10 62 10
73 19 100
53 5 5
93 99 33
8 91 27
9 53 15
65 17 17
37 60 100
68 25 100
59 34 100
57 35 35
12 16 18
0 0 100
68 25 100
83 85 100
57 9 9
75 27 31
48 11 13
62 6 6
14 42 15
79 14 34
65 17 19
60 32 32
99 91 37
53 5 5
15 30 17
9 55 13
20 72 100
54 6 6
41 18 20
45 15 24
72 24 31
13 88 24
70 22 22
57 36 100
16 68 100
39 53 47
89 9 35
71 23 100
23 76 100
79 48 27
7 67 7
26 79 100
65 17 20
61 7 7
20 77 100
86 89 100
29 46 38
31 10 24
76 28 26
40 60 100
43 49 64
8 90 29
99 94 34
54 38 40
81 46 23
9 91 24
20 72 100
18 70 18
8 68 8
62 31 100
94 99 34
70 22 31
7 7 100
7 7 33
48 12 17
74 26 34
53 42 100
99 2 25
15 30 17
99 1 23
93 99 28
56 36 36
63 16 18
0 1 33
46 13 19
5 6 21
53 5 5
57 6 6
34 58 67
6 58 6
65 17 100
15 80 100
51 8 8
13 43 15
52 43 100
1 0 34
20 72 100
93 99 23
12 85 42
56 8 8
52 50 100
63 15 15
74 26 26
9 54 14
36 56 42
65 17 17
9 38 9
55 37 37
8 60 8
54 6 6
6 58 7
16 68 100
19 71 100
54 6 6
6 9 19
83 9 22
99 2 25
19 81 28
8 91 26
79 14 100
7 59 8
81 51 29
74 26 25
94 99 24
0 1 33
8 90 27
11 64 11
9 54 9
0 0 32
16 79 100
0 0 59
7 67 7
17 69 100
86 38 13
51 33 36
47 56 100
15 80 100
63 16 19
1 1 100
93 99 27
14 66 14
71 23 100
15 68 15
54 6 6
9 84 17
57 10 10
57 4 4
73 25 35
66 28 100
20 72 100
84 12 26
56 8 8
28 12 22
98 95 61
0 0 100
51 30 30
0 0 22
7 89 22
81 84 26
52 20 20
45 14 14
15 41 15
14 67 14
20 72 100
50 8 8
48 51 100
44 59 100
17 79 100
70 22 100
21 73 100
56 8 8
56 38 100
99 2 24
16 68 17
99 94 44
6 58 6
48 11 12
87 57 28
60 6 6
22 74 100
50 16 21
35 62 100
99 94 34
13 86 57
32 9 15
81 11 22
84 13 27
50 47 100
49 47 100
0 0 22
65 17 100
8 90 26
8 90 26
8 60 8
48 51 100
66 29 100
94 99 25
59 11 11
48 11 13
83 12 25
97 96 70
63 15 15
53 5 5
86 39 13
2 99 24
33 8 10
56 7 7
66 18 21
99 2 26
59 41 40
93 99 27
48 51 100
59 5 5
12 15 29
43 7 8
86 13 24
22 75 23
1 0 35
6 66 6
35 64 100
6 66 6
88 58 28
35 64 100
57 4 4
92 94 100
99 94 43
9 83 15
60 33 100
0 0 34
79 14 33
10 85 32
94 99 34
6 58 6
84 13 26
70 22 100
87 9 36
45 57 100
6 58 6
58 5 5
12 85 59
86 39 13
57 4 4
23 76 100
84 41 18
9 53 12
60 33 100
86 89 100
10 89 36
27 84 21
2 99 25
66 18 20
12 87 37
9 54 13
40 61 100
72 24 100
64 16 16
89 8 30
97 95 100
0 0 45
99 94 44
8 8 34
59 34 100
96 96 100
8 8 100
59 33 100
92 94 100
0 0 59
59 5 5
55 7 7
20 72 30
25 78 100
88 58 28
73 25 28
93 99 26
99 92 40
8 90 28
62 7 7
55 39 100
46 57 100
58 10 10
51 8 8
30 47 40
53 6 6
9 61 9
58 5 5
86 39 13
82 11 23
58 5 5
56 36 36
47 12 13
53 42 100
41 61 100
58 10 10
0 0 100
19 78 100
99 93 40
56 7 7
12 87 27
14 66 14
62 15 15
49 12 13
13 84 100
60 12 12
58 5 5
99 93 39
99 93 39
8 8 34
54 6 6
70 22 100
9 38 9
65 30 100
55 7 7
66 18 100
59 11 11
56 8 8
95 97 100
99 93 39
82 51 27
59 34 100
84 41 18
99 1 26
22 74 100
53 6 6
70 22 33
18 70 100
29 86 21
83 83 29
77 29 23
73 25 32
11 14 29
0 0 100
4 97 25
38 54 44
8 8 34
54 6 6
27 83 27
50 29 29
6 66 6
70 22 100
58 10 10
73 19 100
99 94 44
35 57 45
83 85 27
53 5 5
20 72 20
38 54 45
17 77 18
86 9 36
43 16 18
91 92 100
46 15 23
57 9 9
79 14 35
27 84 24
9 54 14
32 9 20
12 65 13
23 76 100
76 28 23
59 5 5
38 64 100
20 72 100
99 93 44
62 32 100
63 15 15
6 58 7
46 51 100
71 22 100
93 99 28
67 19 100
28 81 28
59 34 100
86 43 18
61 31 33
88 8 35
84 13 27
52 30 30
27 12 23
13 86 47
65 30 100
0 0 100
40 57 100
49 8 9
51 33 35
99 1 24
48 50 100
17 69 17
24 76 59
73 25 100
41 18 20
54 6 6
59 34 100
25 77 35
66 18 100
58 34 34
14 43 17
91 92 100
61 32 100
83 12 29
70 22 22
59 5 5
86 43 17
66 19 100
59 11 11
61 6 6
9 9 33
27 44 28
93 99 32
36 63 100
19 71 100
79 48 28
0 0 34
0 0 32
58 5 5
1 0 100
55 7 7
57 36 100
89 9 35
55 7 7
2 99 25
28 81 28
53 6 6
31 19 21
53 41 100
34 58 64
82 11 23
25 72 100
29 88 15
76 28 23
61 40 38
47 13 20
41 18 21
10 38 10
95 97 100
57 36 100
69 21 100
64 16 16
0 0 34
6 58 7
21 73 100
28 45 29
15 43 18
46 50 100
55 39 100
65 17 100
6 66 6
36 61 100
38 63 100
0 0 35
88 90 100
0 1 32
70 23 100
20 72 100
12 87 36
27 44 27
66 18 20
47 14 21
49 30 30
75 27 31
9 55 14
86 7 29
82 84 27
46 14 22
6 58 7
78 14 100
93 99 32
10 89 35
48 14 20
87 13 23
59 11 11
93 99 32
55 7 7
54 39 100
59 11 11
46 13 13
57 9 9
91 94 100
6 66 6
74 26 33
11 15 18
99 94 35
95 97 100
40 17 18
59 11 11
15 67 15
30 87 15
88 8 35
53 30 30
99 91 36
29 88 15
54 38 43
82 10 22
1 0 35
13 43 13
13 85 100
32 9 21
7 89 24
89 9 35
80 49 28
51 10 10
16 68 17
90 43 11
37 62 100
9 54 14
72 24 100
53 6 6
85 38 14
86 9 35
76 28 26
9 54 14
89 8 33
13 65 14
54 38 39
15 67 15
51 48 100
58 10 10
41 61 39
58 10 10
63 15 15
53 41 100
35 57 40
55 7 7
35 64 100
72 20 100
64 16 16
85 40 15
90 90 100
54 38 38
69 21 100
93 99 28
62 31 100
54 7 7
99 93 40
60 6 6
96 96 100
53 6 6
57 4 4
28 12 29
85 7 22
29 82 26
62 16 16
90 10 30
90 43 11
61 40 38
9 61 9
46 13 13
36 63 100
52 31 33
54 6 6
91 91 100
57 36 100
9 91 26
50 9 9
71 23 33
62 6 6
70 22 100
84 41 19
71 23 100
65 18 100
35 64 100
89 60 29
1 0 35
37 63 36
90 10 26
22 74 24
42 8 10
56 36 36
54 7 7
29 46 38
51 8 8
85 37 14
81 12 30
59 11 11
93 99 27
75 27 24
59 34 100
64 30 100
45 15 20
54 6 6
56 7 7
87 7 31
42 8 8
99 93 40
85 43 19
12 65 13
32 9 15
53 30 30
28 83 25
53 41 100
59 12 12
0 0 59
15 30 17
99 1 24
70 22 32
28 44 29
53 5 5
58 10 10
45 14 18
14 66 14
59 34 100
37 60 100
21 73 22
58 10 10
33 60 33
69 21 100
14 85 98
57 9 9
91 92 100
63 16 18
21 73 100
43 16 18
20 72 20
77 29 23
89 44 14
8 60 8
16 76 16
53 5 5
93 99 28
60 12 12
32 19 24
25 78 100
28 12 28
13 83 100
74 26 33
33 59 36
40 62 37
72 21 100
70 23 100
70 22 100
73 19 100
90 61 29
0 0 100
69 24 100
12 13 100
87 42 14
98 95 100
62 31 100
9 69 9
65 17 19
98 2 23
50 9 9
43 16 19
76 16 100
0 0 59
69 21 100
13 43 14
99 2 25
83 85 28
37 62 100
12 85 59
45 15 15
50 9 9
28 80 29
57 4 4
65 30 100
7 7 34
60 12 12
8 60 8
51 8 8
59 32 32
62 6 6
57 4 4
28 80 31
86 43 17
49 54 100
50 9 9
7 59 8
56 38 100
