1000
45 56 100
0 99 38
67 83 17
90 2 24
60 73 26
36 49 54
29 89 10
9 41 12
33 46 48
90 2 24
87 0 19
34 47 44
86 0 13
99 11 24
47 59 100
95 94 26
85 83 20
93 5 11
85 83 16
81 69 20
72 69 100
95 4 8
29 89 11
70 80 100
69 81 42
79 71 35
78 88 18
4 94 19
84 20 27
89 61 10
26 34 100
24 26 100
93 6 100
76 87 54
70 80 19
27 87 12
67 83 18
35 15 15
47 13 13
24 37 29
60 73 30
88 0 11
77 90 11
31 42 100
0 99 45
8 14 25
11 18 41
60 73 32
9 21 32
0 99 26
87 0 19
81 69 19
81 17 29
26 32 100
62 88 16
99 10 10
99 11 11
30 43 48
34 47 100
54 67 41
94 6 11
90 2 24
33 46 48
13 25 100
90 6 100
48 14 16
0 99 39
99 12 23
23 83 17
81 69 18
9 22 14
10 21 46
19 31 100
38 91 8
28 35 100
79 89 17
94 6 11
30 43 47
88 0 32
15 15 28
48 14 16
68 82 100
15 15 31
49 61 100
0 99 42
96 8 11
30 38 100
10 88 22
58 20 22
13 25 100
96 8 100
86 0 13
99 12 22
84 83 27
51 89 13
54 67 39
81 69 18
40 50 100
68 82 100
77 90 12
88 62 11
88 0 11
27 38 100
22 30 100
1 99 18
99 13 21
51 89 13
0 99 27
35 15 15
57 92 8
88 0 20
75 77 100
42 8 8
53 66 40
99 13 20
10 70 40
87 61 15
17 32 100
62 88 13
80 88 19
94 5 10
0 99 100
21 28 100
96 8 100
91 4 100
0 99 100
78 88 20
76 88 16
9 21 46
85 83 18
48 14 16
57 20 21
46 55 100
39 49 100
91 4 100
34 47 50
54 19 20
60 90 9
18 31 100
13 18 39
83 85 21
18 31 100
18 32 18
17 29 100
54 19 20
82 18 31
98 10 44
21 29 100
13 73 31
96 94 21
30 84 16
45 53 100
81 92 13
31 19 21
12 25 14
6 18 15
27 40 33
94 5 10
81 69 18
16 34 100
99 12 22
51 90 12
52 65 40
81 92 13
98 10 23
34 16 16
12 24 100
15 14 26
69 81 42
88 62 11
28 41 35
42 55 46
13 25 100
76 86 100
76 74 24
83 57 16
37 90 9
11 23 54
70 80 100
41 9 10
56 63 100
69 81 100
84 84 26
69 81 100
16 28 100
12 20 47
8 42 15
60 90 10
23 38 24
9 41 16
80 70 33
67 83 17
73 77 100
74 77 100
18 32 100
65 78 24
47 13 13
38 90 9
7 90 29
83 57 16
89 0 10
27 23 30
0 99 39
63 87 14
26 24 30
48 14 17
0 99 39
24 31 100
16 29 100
32 86 13
7 53 22
32 45 47
57 64 100
18 31 100
95 7 100
94 5 10
82 18 31
26 24 37
78 90 14
88 0 33
12 19 41
65 78 25
78 50 25
99 11 21
40 51 100
77 87 44
99 13 20
97 9 100
57 92 8
84 84 20
40 10 10
89 1 46
25 85 14
8 42 12
86 0 13
84 20 27
88 0 19
68 82 100
75 86 100
30 90 10
57 64 100
30 43 48
25 31 100
74 85 100
46 56 100
99 11 24
83 19 29
22 30 100
33 46 47
97 95 20
0 98 19
80 70 24
77 90 11
0 99 19
65 68 100
94 5 10
45 54 100
87 0 19
88 62 11
19 31 100
6 44 9
52 66 100
19 31 20
99 10 10
24 84 15
0 99 26
87 0 19
90 2 100
23 30 100
0 99 21
67 83 18
26 86 13
0 99 100
74 72 100
19 27 100
0 99 100
31 44 36
74 71 100
80 52 21
99 11 11
38 49 100
35 88 12
9 89 20
78 90 15
49 56 100
31 42 100
54 67 41
88 0 20
25 25 100
56 63 100
93 4 10
69 81 100
88 61 11
68 82 100
84 83 27
72 78 100
9 21 46
29 37 100
26 32 100
99 13 21
84 84 23
41 90 11
19 31 100
97 9 26
63 67 100
75 84 100
19 31 19
83 84 25
48 60 100
81 69 19
73 85 18
33 46 48
27 87 12
39 50 100
57 69 30
15 35 15
20 30 100
82 18 31
75 75 100
82 20 100
87 0 19
88 0 32
8 89 28
54 19 20
89 1 46
80 70 32
89 1 11
69 81 18
84 83 26
1 99 29
97 9 27
62 67 100
99 12 22
46 56 100
62 88 13
89 1 100
87 98 13
63 67 100
87 0 18
97 9 11
86 0 13
15 35 100
57 21 22
88 0 33
31 85 18
99 11 11
11 71 35
28 38 100
64 67 100
54 61 100
10 22 19
89 0 10
54 67 65
63 67 100
24 26 100
48 61 39
88 0 33
0 99 19
94 93 18
83 55 16
0 99 100
66 79 23
97 9 26
94 5 10
36 49 47
18 32 18
23 38 23
71 79 100
19 31 19
94 5 10
99 13 21
54 67 33
62 88 13
26 80 19
39 49 100
92 5 100
98 10 25
54 67 40
73 71 100
21 29 100
57 93 6
41 9 9
71 79 100
65 78 25
40 22 22
75 74 100
17 33 100
8 14 25
27 87 12
77 88 19
31 42 100
88 0 33
80 88 19
46 59 40
49 62 41
16 15 27
29 21 22
90 2 100
94 5 10
7 43 12
57 64 100
34 47 52
88 0 33
15 28 100
52 18 21
99 13 20
97 9 47
45 54 100
52 18 21
68 81 18
26 24 25
75 87 18
77 90 13
0 99 39
1 99 37
32 18 20
13 37 13
73 86 13
14 17 25
76 74 41
38 91 8
68 82 100
14 26 100
0 98 20
82 18 31
45 54 100
8 42 15
90 3 100
84 54 15
99 12 23
29 89 11
40 52 100
51 89 13
61 89 15
94 5 10
52 65 40
44 57 42
54 19 19
99 11 23
82 18 31
44 57 42
48 14 15
93 6 100
18 32 100
88 94 19
89 61 10
10 23 14
94 93 27
96 8 28
58 20 22
69 81 100
99 11 11
99 11 11
8 13 23
87 97 14
68 82 18
77 89 14
16 15 27
84 54 15
32 86 13
16 34 100
77 87 44
59 91 8
68 82 100
47 13 13
80 70 32
37 49 100
14 26 100
98 10 26
95 8 100
8 15 25
87 0 18
72 71 100
79 51 23
8 13 23
85 83 19
35 48 48
35 83 17
88 0 33
63 67 100
18 31 100
10 70 38
35 15 15
25 85 14
26 24 40
97 9 100
47 13 13
2 1 26
59 90 10
78 45 23
23 38 23
17 33 17
47 13 13
79 51 23
0 99 100
51 89 13
47 58 100
34 47 100
16 34 100
19 31 100
74 77 100
79 71 23
47 56 100
93 5 11
69 81 18
10 22 49
99 10 10
40 22 22
98 10 11
9 69 40
75 75 100
77 87 43
27 34 100
40 10 10
76 74 41
70 80 19
10 23 15
88 62 13
44 54 100
46 55 100
89 0 10
95 8 100
51 17 21
9 41 16
83 19 29
39 50 100
59 66 100
10 70 38
30 43 37
50 63 38
60 90 13
25 38 57
7 14 21
7 13 21
0 99 21
94 5 10
81 17 22
85 83 17
99 12 22
9 41 16
86 0 13
99 14 19
39 50 100
58 20 22
62 88 13
78 45 18
88 96 16
74 87 12
80 70 31
7 53 19
27 34 100
97 95 18
48 14 16
26 33 100
9 89 19
68 82 100
60 72 42
76 91 9
56 63 100
88 0 20
77 87 44
99 13 21
89 1 45
98 97 18
15 14 27
90 2 100
99 11 24
34 48 100
88 62 11
59 72 27
88 0 33
94 93 27
77 90 11
21 29 100
14 17 29
95 4 8
56 63 100
90 7 100
81 69 22
42 8 8
74 87 12
7 90 29
1 99 37
42 8 8
29 38 100
14 26 100
8 15 25
27 23 30
0 99 100
10 20 45
34 47 52
8 89 28
55 61 100
50 66 100
94 7 100
55 62 100
15 35 100
12 20 47
89 61 10
61 89 15
88 0 21
74 72 100
88 62 11
31 85 14
86 0 16
48 14 16
32 18 20
99 15 15
42 53 100
37 49 100
99 14 14
88 0 11
9 21 20
40 10 11
88 0 11
7 52 21
81 69 19
93 5 11
99 15 15
78 90 14
0 99 26
45 54 100
30 38 100
94 93 20
69 81 100
17 33 100
78 88 19
95 4 8
84 58 15
91 3 11
0 98 37
87 0 19
89 1 100
32 18 20
13 73 32
9 41 17
81 69 20
48 14 17
15 35 15
22 28 100
51 90 12
58 65 100
77 90 11
75 83 100
0 99 26
9 21 19
75 85 100
97 9 27
89 1 11
55 61 100
0 99 26
33 87 15
75 75 100
62 88 13
89 1 46
69 81 100
78 72 23
84 20 27
7 13 22
79 89 18
94 5 10
0 99 100
36 89 10
88 62 13
26 24 32
95 94 27
99 14 14
0 99 18
57 21 22
95 8 100
28 88 12
93 5 100
89 1 35
76 86 39
27 87 12
87 96 15
29 42 33
99 13 21
58 91 8
60 72 55
83 57 16
92 5 100
1 99 36
15 14 26
76 85 53
7 43 12
84 55 15
77 90 11
29 89 11
22 30 100
32 18 20
47 13 13
27 34 100
0 98 100
99 11 24
57 64 100
10 88 20
37 90 9
49 57 100
73 71 100
88 0 20
91 5 100
14 17 28
55 62 100
81 69 20
76 86 53
0 99 39
94 5 10
9 88 23
99 15 15
0 99 39
58 65 100
19 31 100
34 47 100
97 94 17
0 99 27
99 11 11
40 50 100
88 61 11
98 10 27
97 9 62
88 0 11
35 88 12
54 61 100
60 73 34
15 28 100
78 90 14
1 99 18
93 6 100
57 64 100
48 14 17
80 52 21
88 0 11
87 0 18
90 6 100
78 50 25
97 94 16
78 90 14
62 88 13
99 11 24
27 34 100
16 34 100
60 90 13
38 51 48
40 10 11
73 86 13
69 81 100
79 52 22
39 49 100
31 44 47
87 0 12
87 63 13
99 14 18
40 10 10
42 8 8
43 54 100
52 65 41
60 90 9
22 30 100
41 9 9
81 69 20
99 11 11
59 72 36
0 99 19
51 90 12
74 85 100
48 57 100
18 31 100
10 22 16
82 56 17
24 84 15
19 31 100
79 51 23
40 10 11
49 57 100
47 54 100
18 32 100
76 74 24
28 35 100
28 35 100
0 99 38
69 81 100
60 90 9
73 71 100
90 2 100
88 0 20
56 93 6
80 88 19
0 99 38
13 37 13
12 19 42
57 20 21
79 89 17
40 88 12
53 66 39
35 15 15
0 99 100
99 11 24
78 89 16
88 0 20
2 1 19
57 92 8
47 60 41
77 90 11
44 52 100
98 10 11
80 52 21
65 78 22
18 32 100
39 11 11
47 60 42
92 3 10
35 88 12
0 99 100
68 81 18
9 41 12
99 12 12
98 96 16
11 20 45
37 13 13
99 15 15
0 99 18
89 1 44
84 20 27
34 47 47
42 87 12
0 99 100
37 50 49
52 18 21
77 87 20
38 51 48
66 84 17
82 57 17
87 0 12
28 35 100
29 89 11
75 75 100
64 77 26
59 72 28
98 10 26
98 10 25
35 83 17
65 78 25
8 42 13
53 66 40
24 37 27
45 53 100
68 81 18
41 87 12
17 33 17
84 84 26
46 55 100
98 10 25
84 84 26
26 32 100
69 81 100
10 22 20
65 78 24
91 5 100
80 70 26
90 6 100
67 83 18
58 65 100
83 19 29
59 72 37
7 43 12
69 81 100
9 22 15
35 15 15
31 85 18
79 52 22
34 88 12
78 87 21
89 1 22
64 86 16
8 88 21
74 87 13
8 42 13
27 34 100
9 21 20
79 52 22
92 5 100
49 56 100
60 90 9
87 61 15
10 20 45
62 88 13
75 86 100
24 37 28
73 71 100
91 5 100
26 32 100
53 66 35
74 86 18
58 92 7
32 86 17
10 22 19
2 1 26
0 98 38
9 88 28
64 77 26
15 35 15
40 22 22
13 18 27
28 87 13
79 71 21
77 90 13
38 49 100
58 65 100
60 73 34
37 90 9
89 0 10
39 52 47
82 68 17
0 98 39
8 90 27
40 89 11
0 99 18
78 90 15
9 89 20
46 54 100
68 82 17
52 65 57
29 89 11
41 89 12
37 50 52
96 95 21
89 61 10
99 14 19
80 53 20
10 70 45
55 62 100
28 38 100
90 2 23
84 55 15
27 23 24
72 78 100
11 23 54
59 91 9
15 27 100
77 87 44
19 31 100
0 99 22
38 12 12
46 59 40
8 14 25
32 18 18
57 92 7
38 12 12
88 0 20
58 92 7
82 68 17
75 75 100
0 98 20
12 24 100
25 38 51
89 1 22
98 10 11
18 28 100
70 67 100
75 75 100
90 2 100
30 90 10
75 86 100
65 68 100
92 5 100
80 70 20
89 1 71
57 64 100
42 88 13
76 88 18
13 73 31
55 68 31
8 89 28
75 86 100
99 11 24
75 75 100
47 13 13
80 53 20
78 72 23
28 35 100
10 22 51
32 86 13
52 18 21
78 90 15
89 61 10
59 66 100
14 17 29
63 76 28
83 55 16
38 12 12
12 20 46
66 92 8
6 18 15
79 71 26
19 31 19
48 60 100
83 55 16
85 83 25
48 56 100
