1000
50 50 100
50 54 49
16 82 29
12 57 22
48 93 6
33 78 21
21 87 12
99 94 20
5 0 26
75 20 29
99 96 27
67 80 35
39 90 9
99 95 28
55 40 100
2 94 26
63 8 8
89 34 11
11 79 19
43 88 12
74 25 100
82 27 17
86 58 13
22 67 100
34 79 21
27 72 31
42 87 13
43 88 11
24 89 11
71 51 28
29 71 100
30 75 100
91 92 100
23 80 27
99 94 23
6 91 28
99 96 27
45 90 9
47 92 8
83 28 18
72 17 17
14 81 25
90 35 9
53 38 100
16 82 32
0 0 30
15 14 29
85 85 30
99 96 28
12 84 27
96 99 33
76 21 24
6 0 21
28 71 100
13 36 42
89 62 12
99 98 26
39 84 20
55 39 100
72 17 55
56 35 43
35 80 20
99 94 26
0 4 100
80 25 100
17 14 26
72 17 55
96 99 34
49 94 5
79 24 20
68 80 32
52 52 47
3 1 100
48 10 13
36 32 100
11 87 29
43 13 20
14 86 29
17 62 23
87 60 13
84 29 16
98 96 100
69 14 16
56 44 100
23 68 39
87 60 13
39 59 100
85 85 27
62 7 8
1 2 100
84 15 100
78 63 24
5 0 26
99 97 28
99 93 19
11 87 29
99 94 21
54 42 100
1 3 100
4 94 28
14 80 24
42 62 37
34 65 100
27 72 100
47 11 15
61 43 44
21 87 12
23 68 23
89 34 12
11 56 12
0 3 33
75 21 100
13 81 24
47 57 44
15 87 27
18 84 27
17 14 26
80 25 100
80 62 22
35 80 20
84 29 15
86 14 52
26 73 100
98 97 43
80 25 100
80 25 49
55 39 46
25 70 26
13 85 30
53 89 11
5 0 24
38 22 24
50 49 100
45 55 100
21 66 100
24 69 37
0 98 21
84 60 16
30 75 100
14 86 29
54 11 20
74 19 100
22 67 22
31 76 100
11 33 42
77 22 25
4 0 28
26 73 100
87 49 12
64 9 9
86 58 14
52 48 100
40 89 10
46 91 8
0 98 21
24 30 32
45 90 9
92 37 7
1 94 25
21 66 100
17 62 23
21 13 19
89 90 32
56 11 18
11 56 20
89 34 10
0 5 37
37 57 37
60 44 47
5 0 23
37 82 17
86 85 29
1 2 100
0 5 37
49 84 15
45 58 41
43 88 12
99 96 41
74 19 100
5 92 23
61 36 100
29 74 89
46 91 8
21 66 100
32 77 100
20 65 45
38 56 44
65 10 14
86 11 25
50 84 17
99 96 28
41 59 40
79 24 100
79 24 100
96 96 100
80 25 19
76 21 24
60 7 10
36 81 20
85 83 28
89 34 10
0 3 32
35 80 21
25 29 31
45 90 9
44 89 10
34 79 21
28 72 100
3 4 100
40 89 10
49 83 17
37 82 19
61 35 100
23 68 100
29 75 100
88 89 28
4 0 25
73 18 57
15 83 28
13 85 30
29 74 26
48 56 51
84 29 15
7 92 29
54 43 100
37 82 21
98 98 30
99 96 41
36 81 18
88 33 12
24 30 34
0 5 36
20 86 16
33 78 21
60 7 10
0 5 34
87 13 24
96 95 100
85 14 53
6 0 21
61 34 100
13 85 32
28 71 100
97 97 100
50 50 100
99 95 28
42 61 38
26 73 100
14 14 30
99 98 26
94 99 20
16 15 29
88 33 12
26 71 27
74 26 100
0 98 23
51 49 100
87 12 25
64 9 9
26 72 100
47 92 7
98 97 100
0 3 33
93 38 6
44 14 15
69 14 17
87 89 32
98 96 100
27 72 100
92 7 24
26 71 28
17 14 26
30 75 77
75 22 100
29 74 100
74 19 100
52 89 10
76 22 100
86 86 25
48 93 6
47 56 100
43 13 14
74 19 20
87 12 25
55 43 100
56 38 100
0 5 36
41 86 14
23 66 100
48 36 100
47 92 7
81 26 100
53 89 12
91 91 100
81 26 18
80 25 100
29 74 26
36 63 100
29 71 100
44 59 41
0 0 29
36 93 6
4 0 28
85 30 17
66 28 100
74 19 100
12 34 45
44 89 11
55 40 100
44 89 10
89 90 32
39 84 19
57 37 42
46 54 100
98 99 24
87 60 13
26 72 100
38 20 22
76 21 100
80 25 100
96 99 34
52 52 47
64 40 37
86 85 25
0 5 37
13 85 30
42 12 13
16 82 28
64 9 10
12 57 22
14 86 29
37 28 100
42 87 13
50 50 100
39 18 18
2 1 51
32 89 11
71 28 100
48 82 17
48 93 6
0 4 33
80 25 100
35 92 7
86 13 53
37 28 29
36 21 21
6 51 11
36 64 100
74 26 100
55 39 100
77 22 25
87 32 14
20 65 60
71 28 100
30 75 100
12 34 43
99 95 27
67 80 35
36 93 6
39 18 19
4 0 28
83 28 18
69 14 41
83 83 26
78 63 24
94 99 31
67 12 13
74 19 100
84 29 16
21 87 14
55 39 45
33 78 21
35 92 7
99 1 20
46 54 100
2 5 100
42 87 14
90 90 31
73 24 100
26 73 100
73 18 18
56 11 18
31 76 100
41 86 15
39 90 9
75 20 100
31 76 100
49 83 17
5 92 27
34 79 20
60 47 100
95 99 36
56 38 43
27 72 29
86 13 52
97 1 22
36 81 19
75 20 59
13 43 26
12 57 12
62 34 100
4 0 27
18 63 40
2 2 100
46 91 9
63 41 39
32 77 23
51 48 100
92 8 24
91 36 8
92 37 7
89 90 32
99 97 25
95 99 36
83 28 34
82 27 18
40 91 8
69 14 14
42 87 12
34 79 21
92 37 7
31 76 100
29 75 100
22 67 22
11 56 11
51 48 100
67 12 14
2 2 100
6 51 11
5 0 26
21 87 13
54 44 100
0 7 34
88 33 14
36 92 8
41 86 14
65 39 34
13 44 25
0 7 38
61 43 42
63 8 9
91 36 8
31 76 100
81 26 100
83 28 16
88 15 17
62 7 8
39 84 15
6 91 28
42 87 12
73 18 58
53 88 13
67 80 36
80 62 22
12 57 12
15 60 22
3 0 27
49 84 16
6 51 11
83 61 18
4 3 100
95 99 37
52 89 10
23 68 100
21 13 19
99 94 26
45 55 100
75 20 100
86 13 53
97 97 100
85 30 17
0 3 33
74 25 100
15 38 41
74 19 21
46 91 8
87 12 25
64 9 9
37 82 21
66 29 100
98 96 100
93 7 23
37 28 31
53 89 12
96 99 47
99 96 41
47 92 7
67 12 12
47 92 7
47 92 7
53 89 11
93 8 22
48 93 6
97 99 28
79 24 100
48 11 16
54 41 100
43 56 100
89 90 100
85 14 55
79 24 100
6 91 28
53 41 100
93 7 23
11 87 29
58 46 47
24 89 10
44 14 15
7 52 11
90 35 9
79 24 100
0 7 38
66 38 100
39 90 9
16 82 32
89 62 13
96 0 23
30 75 24
53 50 100
53 50 100
87 57 13
31 76 100
18 84 27
40 59 40
89 34 11
53 41 100
31 66 100
38 22 24
56 35 44
42 87 12
94 99 34
4 0 28
72 17 17
78 63 24
65 39 34
85 50 14
93 38 6
15 82 22
1 2 32
85 30 17
88 15 17
44 89 10
54 41 100
62 8 9
90 35 9
19 85 15
11 56 11
46 91 8
15 60 23
49 84 15
30 70 100
60 7 10
70 15 15
29 71 100
37 82 17
3 2 100
82 27 42
89 34 10
60 45 100
86 13 49
0 5 36
86 13 27
4 0 27
7 92 20
10 35 31
74 19 100
19 64 47
43 56 100
53 90 10
48 10 13
16 82 32
65 10 14
21 66 21
30 74 100
16 29 43
39 90 9
56 38 100
31 76 100
15 16 31
11 79 20
71 16 16
0 3 33
34 79 20
38 10 11
39 59 100
30 75 100
43 87 13
43 88 12
98 97 100
37 82 21
95 99 47
38 83 17
42 57 100
82 27 100
96 96 100
40 58 100
2 3 100
20 65 45
21 66 22
44 89 10
61 43 47
76 21 100
19 85 24
11 34 41
34 79 20
68 13 14
11 56 22
46 91 8
54 44 100
45 55 100
50 85 14
47 11 15
86 85 29
10 55 19
85 59 14
10 55 12
92 8 24
94 99 33
4 94 24
97 99 31
77 22 25
51 48 100
39 58 100
37 20 20
0 5 38
22 67 100
42 87 13
95 0 21
23 68 23
0 5 34
47 57 44
8 90 29
96 98 46
11 56 22
18 13 24
48 82 19
43 60 40
16 82 29
12 80 22
30 75 100
32 77 22
32 66 100
35 92 7
3 4 100
53 85 19
16 14 28
79 24 100
87 12 25
65 82 31
59 46 100
12 33 46
14 81 25
75 20 100
46 91 8
82 27 43
81 26 100
23 68 23
40 89 10
40 89 10
36 81 20
89 34 10
3 1 31
47 92 7
55 86 17
84 29 18
86 58 14
46 91 8
38 56 38
83 82 25
26 78 100
87 14 22
24 69 100
59 45 48
83 28 40
46 12 15
43 88 12
63 87 24
15 60 22
21 13 20
34 79 21
17 14 26
81 26 100
27 72 30
48 93 6
73 18 58
86 13 21
64 43 39
66 38 33
86 58 13
27 72 100
85 83 27
79 63 22
64 32 100
24 69 100
5 0 26
61 34 100
67 80 35
70 15 15
55 40 100
76 22 100
71 16 38
31 76 100
86 11 26
42 57 100
0 0 30
99 95 40
25 70 35
87 14 22
6 91 27
36 92 7
95 99 35
30 64 100
2 1 100
59 46 100
85 10 22
12 84 27
63 8 9
48 52 100
85 11 23
59 45 48
85 14 53
62 87 22
63 8 9
55 39 100
1 1 30
73 18 100
44 89 11
52 85 15
32 77 100
61 35 100
22 67 22
83 28 16
0 7 35
23 68 23
23 68 100
48 93 6
43 61 38
37 28 31
36 93 6
0 7 38
63 34 100
81 26 100
45 90 9
3 0 27
69 14 14
25 29 31
98 96 100
62 42 40
46 54 100
17 62 23
65 10 10
67 12 12
89 10 24
56 35 43
52 90 9
50 50 100
16 82 32
86 86 27
30 73 100
63 8 8
42 87 12
81 26 18
83 28 18
89 34 11
68 79 26
2 2 100
47 53 100
24 69 100
38 57 42
88 11 25
6 0 22
20 65 78
19 85 24
46 91 8
54 41 100
52 52 100
3 4 100
39 90 9
34 64 100
32 64 100
13 85 30
3 5 100
5 0 24
75 22 100
79 24 100
0 7 37
89 62 11
42 60 39
13 85 30
55 34 41
29 74 27
38 56 39
64 40 37
39 90 9
42 87 13
8 53 11
79 24 50
38 83 20
35 80 20
5 0 26
49 94 5
49 83 17
51 53 48
39 10 10
53 46 100
46 91 8
96 1 24
85 11 23
92 92 100
98 0 22
82 27 43
88 59 11
75 20 23
98 97 96
56 10 17
84 29 15
22 67 22
36 21 21
18 63 49
42 62 37
4 94 21
92 37 7
58 46 48
48 93 6
87 13 24
68 79 26
96 99 47
33 78 21
10 55 19
17 62 23
0 1 31
12 34 43
43 88 12
67 12 14
35 64 100
91 36 8
78 24 100
89 34 10
89 34 10
0 5 36
5 0 25
0 98 21
35 80 20
55 86 18
86 13 52
88 11 25
50 50 100
14 80 24
84 10 20
97 99 30
87 32 16
52 48 100
72 17 55
69 14 17
28 71 100
73 18 100
23 68 23
85 83 28
73 18 100
89 90 32
74 19 100
73 18 33
62 34 100
54 85 20
3 0 27
96 1 23
2 2 100
39 90 9
9 37 28
33 78 21
11 56 20
65 10 10
94 99 36
42 87 13
16 39 34
1 94 24
55 86 18
64 9 10
65 39 100
42 87 13
24 69 24
31 76 100
48 52 100
94 99 32
84 82 26
0 7 38
76 21 23
24 69 100
12 57 22
75 25 100
89 90 100
29 71 100
87 59 12
14 14 31
87 32 14
86 58 14
85 30 16
45 90 9
96 99 34
99 97 27
84 84 29
65 46 36
0 7 34
42 87 13
42 61 38
65 82 34
89 34 11
45 55 100
64 36 100
25 70 26
96 0 23
35 92 7
88 89 32
38 10 11
42 87 14
16 15 29
42 62 37
89 62 12
29 74 26
78 63 24
51 48 100
74 19 31
20 65 46
18 13 22
87 14 19
99 95 34
47 92 7
49 94 5
16 15 29
76 21 25
3 0 26
42 57 100
36 63 100
11 33 43
87 50 12
47 92 8
24 69 100
0 5 37
14 80 24
73 18 100
0 7 38
24 66 100
65 82 33
87 14 22
96 99 33
88 33 14
42 87 12
40 19 20
86 86 25
24 69 25
62 87 13
62 87 15
79 25 100
89 34 11
97 98 45
4 0 27
25 70 27
90 35 9
26 72 100
74 26 100
76 21 100
25 70 100
6 51 11
26 78 96
74 26 100
3 4 100
43 88 12
82 27 43
63 37 100
61 33 35
12 87 30
21 87 12
36 81 19
64 40 36
26 78 100
5 0 26
75 20 100
36 92 7
90 9 25
5 94 29
34 64 100
95 99 37
38 91 8
99 94 24
11 56 22
95 5 20
30 64 100
71 16 37
34 79 20
87 60 13
43 13 18
99 95 29
92 37 7
77 22 23
16 29 43
37 28 31
55 40 100
64 9 9
86 58 14
48 52 100
