1000
56 49 100
99 99 31
2 0 30
12 86 26
91 96 21
68 21 21
58 11 11
93 5 20
97 95 33
30 82 21
13 88 23
77 30 22
69 22 22
63 16 20
63 38 100
4 96 22
12 54 14
91 44 20
7 69 7
62 38 39
25 74 100
68 21 21
69 7 7
17 69 100
0 2 30
51 23 39
0 4 26
5 64 5
81 12 14
60 73 22
72 30 100
73 25 100
77 29 100
64 17 21
9 61 9
83 84 29
3 0 32
83 85 27
11 55 12
12 86 26
0 5 21
30 7 38
6 58 7
37 60 100
81 33 21
14 9 32
3 0 33
86 54 36
49 22 39
14 66 14
20 81 23
7 59 7
15 88 17
73 28 100
14 87 22
99 99 26
91 96 22
42 55 49
41 58 100
55 43 55
1 0 27
84 52 36
26 79 39
1 0 100
50 23 100
12 54 17
2 0 33
61 14 20
30 83 16
44 16 28
30 83 17
85 43 27
68 21 100
6 67 6
69 32 100
84 14 25
15 68 15
13 86 30
86 40 23
21 74 22
12 54 15
17 70 100
90 62 39
63 37 100
81 34 22
86 17 22
35 60 100
7 59 8
98 88 35
75 26 100
0 1 100
6 58 6
97 90 38
84 58 41
6 58 6
59 12 19
7 59 7
47 39 100
76 28 100
63 38 37
85 16 18
10 84 18
69 32 100
74 27 100
97 4 23
97 90 37
11 23 13
60 13 19
53 7 15
59 12 13
74 27 25
25 78 100
65 9 10
16 68 17
13 9 32
36 89 18
39 91 19
20 73 100
4 96 22
34 64 34
72 25 25
65 18 21
77 29 100
99 99 100
95 92 100
78 25 100
85 16 25
24 77 23
14 84 29
83 51 21
90 63 40
40 92 18
54 46 100
44 55 100
2 2 100
83 36 22
97 4 18
12 54 14
73 25 100
13 86 30
84 59 17
51 24 100
91 44 20
21 73 100
80 9 11
14 87 23
80 33 22
76 28 100
36 89 13
96 5 23
75 28 24
56 49 100
9 62 9
55 8 14
8 81 13
5 64 5
99 99 29
93 47 15
29 43 31
3 3 100
35 61 36
75 9 10
26 79 36
11 55 12
30 83 19
97 4 23
99 99 100
11 37 14
82 17 28
92 45 14
56 9 16
84 14 25
75 26 100
15 83 41
39 13 29
90 43 21
7 59 7
99 99 33
19 71 100
35 66 35
66 33 100
24 77 100
27 80 19
94 90 100
94 90 100
24 77 38
45 15 31
8 60 8
14 88 21
11 85 20
83 15 28
3 0 31
81 54 100
25 78 100
67 20 100
30 7 38
44 57 22
6 96 18
0 4 24
30 83 20
53 48 21
84 58 41
0 3 29
91 64 29
81 10 18
4 0 31
63 16 20
74 29 100
17 69 100
78 9 9
35 66 35
27 80 26
68 32 100
24 78 100
99 99 100
84 57 16
91 44 20
16 69 22
4 0 31
61 14 20
13 86 30
93 94 29
84 52 21
8 60 8
60 50 100
72 25 28
49 19 33
75 26 100
98 89 35
79 9 10
10 83 17
74 27 27
79 32 20
7 59 7
91 64 30
29 82 17
82 11 20
78 28 100
0 1 86
6 58 6
61 68 100
35 60 37
73 28 100
23 76 100
49 40 100
0 3 28
89 52 30
74 27 100
86 49 31
11 55 12
64 37 22
83 14 24
11 55 12
92 6 20
26 74 100
83 84 25
55 45 100
75 28 24
9 62 9
77 29 100
68 5 5
24 77 100
14 15 27
91 7 19
45 56 22
16 68 16
99 99 30
21 79 100
74 27 100
30 7 38
20 81 23
80 9 12
67 20 22
23 76 100
73 26 100
0 1 100
11 55 11
24 76 100
8 61 8
79 9 10
44 55 100
54 7 11
52 86 23
14 66 14
48 38 100
37 61 100
99 99 33
99 99 30
25 78 100
66 34 100
15 88 17
95 92 100
10 63 10
17 70 100
70 23 24
70 23 100
3 0 33
35 60 100
72 29 100
34 64 34
4 96 22
8 71 9
0 1 31
62 39 40
29 71 100
2 1 100
10 62 10
85 16 25
63 37 100
74 27 25
59 12 19
16 69 16
6 95 23
61 52 100
91 96 21
21 74 22
73 26 100
14 41 18
24 77 100
79 31 100
3 0 33
84 15 27
11 88 24
71 8 9
66 19 22
16 68 17
12 22 16
6 95 22
29 82 17
37 50 48
15 68 16
31 69 100
38 49 50
61 51 100
76 29 23
74 26 100
53 48 20
29 71 100
4 0 31
7 69 7
39 91 19
1 1 100
15 40 17
80 22 26
62 39 39
54 47 22
79 32 20
35 64 100
25 73 100
63 37 100
13 88 22
72 6 6
23 76 37
25 73 100
73 25 100
14 66 14
99 99 31
35 66 35
11 23 11
82 85 23
66 19 21
16 68 17
84 58 42
68 6 6
40 92 18
9 82 15
53 6 10
19 72 100
60 13 14
86 54 21
46 17 37
19 72 21
44 57 22
63 38 20
44 55 100
26 79 100
96 90 36
84 16 26
24 75 100
73 26 100
9 78 11
68 6 6
69 22 100
39 59 42
30 7 33
22 74 100
84 84 100
45 15 33
15 17 24
0 3 27
37 61 100
63 16 20
27 80 20
12 54 14
3 0 34
12 22 15
51 85 27
76 25 100
51 85 24
1 0 23
35 65 100
63 16 20
85 48 32
66 19 100
42 58 43
96 89 37
0 1 31
54 46 100
71 24 25
10 63 10
20 14 31
24 77 32
10 63 10
82 19 27
3 0 33
90 43 21
30 83 16
58 11 11
99 99 27
1 0 33
6 58 6
2 3 100
96 93 100
85 16 23
71 8 9
54 46 100
58 11 14
17 70 100
62 39 22
13 86 31
87 40 14
60 49 100
59 12 13
55 8 15
58 11 11
99 99 31
99 99 29
15 88 17
0 3 27
5 96 21
79 9 10
6 58 6
2 2 100
79 31 100
99 99 27
9 82 15
62 79 20
16 69 16
10 62 10
83 85 26
22 75 64
70 7 8
36 89 18
14 87 21
72 6 6
41 57 45
14 16 25
10 83 17
88 19 12
79 32 20
16 69 100
26 79 40
14 52 18
1 2 100
7 59 7
49 22 39
43 56 100
1 0 100
16 69 21
17 70 100
84 14 25
99 99 30
25 74 100
10 63 10
12 54 15
92 45 14
57 10 16
53 6 8
16 69 20
29 71 100
25 78 100
10 63 10
13 88 23
68 6 6
17 70 25
1 0 33
15 88 17
29 7 34
91 44 14
20 73 21
29 43 29
7 59 8
44 57 22
50 19 26
1 0 100
65 9 10
46 39 100
41 58 100
26 79 100
0 1 100
25 78 100
0 4 23
61 51 100
29 42 37
56 9 16
74 27 27
94 47 14
16 18 19
19 72 21
70 7 7
25 78 100
16 69 20
72 30 100
69 7 7
14 84 33
8 70 8
29 42 29
8 60 8
55 45 100
56 49 100
4 94 22
95 92 100
85 13 25
46 17 34
14 67 15
47 39 100
31 69 100
60 13 14
4 0 30
29 42 37
23 75 23
1 0 33
11 84 19
27 80 19
90 62 39
52 24 28
5 0 26
65 9 9
40 57 45
72 25 26
0 5 16
34 51 44
46 39 100
0 2 24
80 33 19
98 4 15
65 9 10
58 11 11
93 94 29
83 51 18
72 30 100
5 96 19
62 39 39
72 29 100
87 18 13
21 79 100
41 57 46
65 9 9
66 33 100
84 16 26
73 25 29
0 4 26
99 99 33
75 9 10
16 18 24
1 1 100
83 36 22
43 56 100
87 40 14
87 18 14
62 15 20
8 60 8
7 69 7
77 29 100
83 14 24
68 5 5
66 33 100
21 74 100
87 54 35
65 9 10
63 38 22
96 89 37
50 23 39
95 6 16
36 61 100
95 92 100
44 16 35
0 1 27
99 99 100
0 3 28
0 1 31
12 86 23
66 35 100
67 20 100
76 28 100
66 34 100
25 78 100
14 84 35
68 21 21
19 72 21
86 49 32
24 77 100
69 7 7
82 19 24
15 68 15
12 54 18
74 27 25
40 93 16
53 46 100
43 56 100
83 84 28
27 80 19
14 66 14
14 41 20
51 22 32
57 44 22
34 64 34
91 7 24
7 59 7
63 38 38
0 4 23
54 46 100
35 60 100
52 24 28
23 76 100
93 89 100
87 40 21
16 89 14
91 7 25
20 73 22
35 63 35
14 16 26
73 25 58
11 85 21
89 63 27
91 95 26
85 16 25
30 82 21
17 70 17
74 26 100
9 78 11
32 68 100
71 7 7
26 79 100
14 16 25
87 12 26
1 2 100
45 17 38
69 7 7
66 35 100
99 99 30
63 38 38
22 74 100
7 59 8
15 83 36
66 19 100
99 99 26
4 96 20
47 16 26
99 99 30
7 59 7
15 83 65
56 9 10
15 17 24
88 54 34
0 1 25
51 23 30
11 54 13
15 68 15
98 98 100
42 58 43
94 93 100
2 0 34
74 27 25
15 88 19
8 61 8
69 22 22
63 38 41
12 22 16
99 99 33
86 15 25
79 31 100
12 86 27
55 8 9
80 33 23
71 8 9
99 99 26
40 92 18
8 70 8
74 27 100
14 16 25
80 33 19
72 32 100
96 93 100
13 86 34
35 64 100
11 55 12
23 76 23
63 38 100
24 76 100
51 23 38
68 21 100
83 14 24
66 34 100
63 38 38
1 0 33
63 38 42
13 66 13
27 80 19
29 42 29
95 92 34
32 68 100
73 25 100
41 58 100
80 33 19
57 10 19
14 20 20
48 40 100
30 7 34
81 33 21
79 31 34
14 40 16
7 59 7
63 37 100
76 29 23
95 92 100
99 99 30
83 85 24
3 3 100
67 34 100
55 8 16
97 89 37
81 12 15
83 84 29
69 22 100
4 0 29
68 6 6
43 56 48
89 42 14
13 85 33
69 32 100
94 90 100
8 60 8
14 87 23
11 54 13
84 14 20
21 79 100
61 40 42
44 55 100
85 52 36
11 55 13
53 6 9
15 17 25
29 7 35
72 6 6
53 46 100
99 99 33
39 91 18
74 27 100
14 40 16
43 55 49
40 92 18
87 54 35
49 20 32
7 69 7
68 21 100
60 52 100
79 31 100
10 84 18
42 58 45
82 85 23
99 99 100
92 6 24
93 5 24
63 38 100
49 40 100
94 91 100
11 55 11
69 32 100
69 32 100
94 93 32
5 5 100
99 99 29
24 76 100
1 0 100
75 28 24
9 62 9
92 95 27
3 0 33
4 94 22
3 0 34
71 8 9
16 68 16
0 4 21
85 52 35
4 95 21
1 0 100
83 15 28
85 16 25
87 41 23
35 66 33
56 45 22
99 99 33
6 58 7
55 45 100
30 83 18
70 7 7
79 9 10
66 19 100
40 93 17
25 78 40
67 6 6
0 5 21
99 99 100
49 20 27
0 1 25
86 54 35
10 54 11
26 79 40
35 66 35
90 63 27
13 65 13
99 99 33
70 6 6
12 86 27
7 60 7
66 19 22
35 66 35
81 10 17
63 38 42
15 16 26
14 66 14
96 89 37
95 6 23
69 32 100
87 40 14
23 76 100
22 75 22
15 68 15
63 16 20
99 99 30
52 86 20
59 12 19
5 96 22
85 49 33
99 99 30
55 45 100
91 44 15
71 5 5
11 85 20
12 54 18
54 46 100
60 13 19
34 64 34
73 28 100
66 19 100
74 27 25
10 62 10
66 19 100
85 16 25
83 81 100
92 95 27
33 68 100
24 77 22
90 43 21
5 0 31
74 26 100
9 62 9
97 4 18
36 89 19
6 95 22
1 0 27
74 27 25
12 86 26
60 13 13
7 68 7
91 7 24
82 19 24
69 32 100
0 4 25
5 95 23
94 91 100
61 51 100
51 85 29
6 95 22
0 3 27
29 42 29
15 83 100
26 78 21
24 75 100
17 70 100
73 31 100
90 64 29
84 15 27
53 6 9
85 59 41
9 60 10
93 46 14
63 38 41
55 8 16
79 32 20
6 65 6
6 64 6
85 16 25
39 14 36
9 61 9
91 96 24
44 55 100
32 68 100
37 50 48
68 6 6
6 97 17
59 12 19
51 85 19
63 38 41
23 75 24
86 17 16
72 6 6
15 68 15
51 85 29
54 46 100
90 43 21
99 99 33
71 5 5
13 65 13
78 24 26
14 41 15
81 84 23
45 15 33
45 15 33
0 5 22
66 34 100
37 62 100
85 16 25
11 23 12
98 88 36
83 80 100
79 31 21
64 37 22
94 91 100
82 19 27
77 29 100
36 89 18
13 66 13
23 75 23
8 60 8
69 7 7
83 14 18
5 64 5
83 15 25
16 48 19
81 84 23
23 75 100
18 71 19
99 99 100
43 55 50
20 81 31
86 17 22
78 30 100
25 74 100
23 75 100
98 98 100
87 40 14
15 83 100
25 73 100
5 5 100
83 84 29
77 24 32
35 65 100
6 65 6
84 15 26
6 65 6
14 52 18
9 61 9
21 80 100
56 42 53
51 24 100
11 54 13
9 61 9
14 17 23
69 32 100
70 23 24
15 88 17
29 42 37
73 26 26
71 5 5
31 69 100
63 38 41
76 29 23
86 17 22
7 59 8
14 84 33
40 93 11
78 9 9
15 68 15
14 87 23
63 38 100
14 18 22
69 7 7
61 51 100
