1000
49 51 100
80 17 32
25 23 38
11 82 42
57 87 12
71 41 29
89 27 10
57 8 10
72 39 30
59 89 12
91 62 20
62 23 23
62 23 23
79 49 22
60 62 100
93 51 6
54 92 7
64 90 10
42 92 7
59 84 17
21 79 100
55 94 5
72 91 8
83 15 100
20 90 33
0 9 30
96 2 32
93 32 6
99 99 21
94 69 13
68 42 100
15 85 100
6 5 100
10 1 50
88 41 11
0 10 24
81 82 28
63 90 9
69 8 10
26 24 38
90 41 9
39 9 19
76 13 13
40 68 100
80 17 32
58 87 13
9 83 47
82 47 17
35 76 28
52 13 13
37 78 22
88 58 13
15 89 15
76 17 100
73 10 10
79 17 17
89 53 11
90 9 34
42 68 100
86 56 21
52 92 7
0 9 27
10 1 49
40 71 67
83 14 100
48 50 48
88 10 33
48 18 33
51 93 6
77 68 31
69 7 9
97 99 29
3 5 69
68 93 6
68 41 100
77 45 22
90 10 20
61 82 21
66 34 35
87 77 33
83 47 16
84 14 100
90 51 9
65 40 100
97 99 31
90 52 9
32 71 100
41 11 19
91 61 11
11 85 53
3 5 40
87 25 13
21 90 29
40 10 19
8 78 32
63 64 37
0 96 23
60 51 100
36 75 100
69 92 8
22 23 14
91 31 10
30 27 100
26 21 100
23 25 18
87 58 21
99 99 21
97 1 29
14 0 35
57 8 12
60 83 21
75 43 100
94 38 6
81 48 18
86 79 36
99 1 23
91 52 8
16 86 100
14 0 29
63 64 35
57 8 10
1 8 34
15 82 100
11 85 52
6 5 100
98 99 56
93 92 32
72 39 29
79 15 29
52 13 13
52 92 7
0 11 18
49 51 100
45 43 100
97 99 100
97 99 31
94 68 14
93 49 6
14 84 100
87 57 20
51 93 6
15 85 100
53 82 18
15 85 100
53 14 14
13 0 36
47 68 31
34 75 100
83 21 21
61 91 9
94 46 5
55 56 100
95 68 13
93 45 6
94 44 5
56 94 5
73 10 11
88 90 20
61 91 9
96 97 100
80 16 31
66 89 10
68 29 32
94 38 6
76 13 13
52 82 17
71 39 31
69 7 7
45 15 33
86 24 15
95 99 22
99 99 27
83 13 100
40 71 33
77 35 22
8 89 38
43 73 26
47 68 31
9 6 100
52 93 6
66 34 100
2 6 38
93 47 6
74 44 100
37 78 100
79 18 33
93 47 6
59 20 23
98 0 20
88 41 11
42 12 33
28 26 37
79 15 100
50 20 100
14 85 100
51 81 18
0 11 18
87 57 12
72 39 28
83 46 16
60 21 23
59 86 13
57 59 49
0 11 18
88 27 12
61 22 23
45 15 33
69 28 100
7 5 100
22 92 8
94 38 6
99 99 30
66 34 100
36 78 100
99 99 100
71 92 7
40 10 19
34 76 33
61 22 23
34 77 29
92 8 35
86 56 20
88 58 12
80 16 19
57 58 100
48 18 33
99 97 29
11 86 53
46 89 10
50 92 7
47 49 48
44 14 33
68 84 15
27 22 20
27 66 39
58 88 11
85 43 14
84 14 100
1 7 36
94 38 6
66 34 100
1 8 33
77 19 100
98 99 100
49 51 100
86 56 22
92 44 7
18 78 100
25 62 42
76 13 13
82 50 17
24 63 42
92 62 12
71 9 11
21 78 100
49 16 16
55 54 100
40 10 20
69 8 10
73 44 100
62 83 16
3 4 42
0 9 27
57 87 12
94 46 5
82 47 17
63 64 37
3 5 100
76 17 100
53 82 18
60 28 30
85 23 17
9 2 49
77 16 100
24 19 100
41 71 69
22 23 13
77 17 100
55 56 40
67 85 14
44 42 100
94 46 5
94 47 5
88 27 24
60 58 100
40 70 100
50 19 32
45 15 32
10 8 100
65 35 100
92 30 9
84 14 100
53 92 7
36 79 100
91 50 8
10 6 100
96 1 32
32 71 100
76 18 100
46 14 18
82 50 17
94 52 5
65 32 44
93 8 26
26 75 100
7 4 100
61 22 23
37 78 21
64 40 100
21 91 22
65 33 33
86 25 29
52 90 10
62 42 100
51 93 6
75 89 10
19 81 100
94 67 15
62 64 100
10 7 100
1 95 43
42 72 27
27 66 42
48 90 9
85 13 34
41 70 29
0 11 18
89 52 10
92 36 9
93 8 35
53 22 23
68 28 100
0 9 28
49 50 100
46 89 10
46 68 70
28 0 13
24 77 100
81 83 24
66 87 12
50 92 7
84 14 100
62 92 7
46 67 32
48 89 11
92 31 8
90 48 9
32 71 100
28 77 100
65 39 100
51 91 8
93 63 11
71 40 30
24 78 100
75 47 100
60 89 10
40 71 29
93 51 6
67 93 6
32 82 20
67 30 33
79 15 28
76 13 15
99 99 21
32 82 20
71 92 7
80 84 18
10 6 100
58 9 13
8 1 22
78 15 27
90 51 9
56 93 6
95 46 4
63 42 100
6 5 100
35 74 30
79 49 21
21 79 100
20 81 100
61 91 8
89 40 10
10 6 100
87 57 20
14 0 28
63 64 100
36 78 100
21 91 23
1 96 37
9 88 42
40 70 100
1 8 33
8 1 42
56 88 12
86 56 22
68 29 29
69 92 8
86 12 86
92 50 7
68 93 6
62 29 100
1 8 34
13 83 44
18 88 100
93 48 6
38 10 21
10 1 50
57 54 100
92 44 7
62 91 9
39 9 16
80 50 20
64 65 34
58 60 46
24 23 38
89 52 12
95 48 4
0 97 22
89 9 18
99 98 34
81 82 21
96 98 100
98 99 100
89 53 10
59 90 9
55 54 100
73 10 10
71 40 100
69 92 7
97 99 29
22 92 9
57 58 100
94 46 5
92 49 7
81 51 18
97 99 29
75 36 26
92 31 7
30 81 28
29 27 26
87 57 12
71 74 25
72 40 100
17 87 100
53 12 13
84 37 16
93 43 6
9 82 40
98 0 22
79 14 15
47 68 36
38 9 20
23 63 35
93 45 6
74 12 12
23 24 36
74 11 11
93 37 8
54 94 5
10 81 28
13 84 100
79 49 22
84 37 17
84 14 100
59 19 22
96 99 28
44 66 100
85 13 100
88 10 33
5 4 100
41 11 19
1 96 38
31 73 100
66 91 8
86 23 16
92 30 9
59 26 29
72 92 7
11 85 45
29 24 100
85 26 100
38 77 23
80 17 21
91 42 8
43 70 31
19 89 37
93 51 6
46 88 11
21 91 21
99 0 17
92 31 7
71 9 11
70 92 7
61 91 9
70 40 73
53 93 6
47 53 100
45 68 100
36 79 100
66 32 44
20 15 100
50 80 21
48 49 100
47 49 48
72 39 27
83 13 31
52 13 13
94 52 5
94 38 6
57 87 12
15 83 100
57 58 49
30 74 100
94 46 5
20 90 32
57 8 11
94 67 15
32 81 21
57 54 100
49 51 100
43 92 7
5 4 100
92 63 15
22 61 32
78 15 15
48 47 100
68 29 100
92 43 7
53 12 13
63 90 9
43 72 27
1 8 34
92 43 7
38 9 19
88 58 13
49 91 8
74 90 9
90 40 9
86 25 29
91 44 8
95 48 4
64 65 35
58 58 100
89 9 18
88 46 11
81 51 18
94 47 5
75 89 10
46 15 24
24 92 10
28 74 100
98 0 18
71 91 8
68 28 100
93 35 6
97 99 100
10 1 49
25 93 10
65 34 100
50 20 32
35 74 33
96 1 32
11 86 46
69 7 8
82 82 21
71 41 100
99 98 34
44 67 100
45 93 6
0 97 22
80 17 32
91 42 8
94 36 6
24 19 100
40 10 19
92 49 7
65 35 100
78 47 100
55 56 43
24 92 10
93 51 6
34 77 28
10 84 45
72 39 20
32 71 100
18 88 100
48 78 22
89 28 21
80 19 100
90 10 35
73 43 26
54 56 44
63 37 100
97 99 100
97 99 100
66 40 100
37 76 100
88 11 34
52 82 17
60 88 12
54 57 49
77 16 100
77 14 14
93 66 16
78 15 16
88 58 13
90 44 9
41 11 16
57 56 100
44 67 100
99 99 24
91 31 9
81 82 26
23 24 17
91 9 22
99 0 19
64 65 35
78 86 16
70 8 11
89 28 19
92 8 24
55 54 100
40 70 100
76 88 12
87 11 44
16 86 100
64 32 32
51 81 18
81 48 18
26 23 37
42 12 21
1 95 39
99 98 51
52 90 11
99 99 21
89 28 21
52 13 13
13 0 36
77 35 22
15 83 100
0 11 18
30 73 100
75 89 10
17 87 100
78 86 17
52 13 13
98 99 100
99 99 29
93 50 6
65 39 100
59 88 13
50 92 8
75 45 100
9 80 35
88 11 35
96 97 100
93 37 8
21 59 26
50 92 7
85 80 34
53 82 17
87 11 43
57 8 12
92 50 7
61 28 29
75 36 26
93 37 8
36 8 18
90 54 9
12 85 100
52 92 7
5 4 100
11 85 46
10 87 43
46 89 10
94 52 5
92 43 7
86 27 27
79 17 18
97 99 31
75 36 26
84 28 100
62 83 19
43 92 7
19 89 36
81 19 20
88 75 13
70 8 11
61 91 9
20 81 100
30 81 24
38 79 21
46 24 100
98 99 100
74 44 25
66 32 100
93 44 6
71 92 7
60 63 100
77 17 100
11 0 40
78 48 100
0 9 25
65 37 100
77 14 16
13 83 47
20 90 30
90 10 20
0 10 24
29 27 24
64 32 32
30 73 100
99 99 100
40 68 100
67 85 14
23 62 40
46 89 10
58 58 100
60 21 23
57 59 49
98 99 52
91 49 8
77 35 22
65 39 100
78 15 26
6 5 100
46 14 17
24 63 33
83 22 100
66 34 100
67 30 30
58 88 12
91 52 8
90 51 10
75 43 100
93 35 6
92 10 21
99 97 27
88 75 13
86 25 30
68 28 100
18 86 100
98 99 24
89 52 12
88 41 11
54 93 6
11 85 53
26 24 36
60 61 100
11 0 48
85 23 17
9 82 28
93 45 6
94 47 5
21 59 25
57 54 100
10 1 49
57 8 12
77 17 100
70 8 10
11 0 39
94 47 5
96 1 30
88 41 11
89 40 10
18 88 100
47 48 100
19 14 100
99 99 24
86 79 33
93 63 12
65 32 44
0 11 20
47 89 10
46 47 100
49 50 100
7 5 100
94 38 6
31 72 100
31 72 100
87 57 21
79 37 100
70 90 9
62 23 100
7 3 46
82 82 29
90 54 9
51 19 19
11 0 49
70 93 6
45 15 33
92 43 7
81 48 18
93 44 6
86 25 29
50 92 7
8 2 48
99 97 33
28 26 38
76 46 23
88 46 11
22 92 8
42 12 33
92 43 7
55 56 100
74 11 11
94 47 5
94 46 5
18 88 100
55 94 5
78 48 22
90 60 11
73 38 27
8 2 48
92 49 7
93 35 6
83 47 16
71 9 10
99 97 35
58 87 13
93 43 6
93 22 10
43 13 33
92 92 21
81 48 18
36 8 17
11 85 48
90 42 9
47 89 10
69 38 33
60 88 12
88 58 15
89 44 10
82 82 23
31 71 100
90 10 20
73 40 100
99 0 19
92 43 7
65 33 33
78 47 21
58 9 12
87 57 20
92 50 7
99 97 33
99 99 25
55 54 100
83 21 21
48 90 9
87 78 34
50 91 9
50 51 100
99 97 33
73 10 11
68 23 100
84 26 100
1 95 39
59 89 11
9 6 100
48 17 20
80 19 100
94 93 30
67 29 100
89 29 13
11 0 40
64 66 33
11 85 100
94 93 23
71 9 10
52 13 13
73 90 9
12 0 28
0 9 29
21 91 27
87 45 12
56 93 7
64 90 10
71 9 11
68 28 100
60 83 21
93 66 16
18 88 100
61 47 100
93 50 6
36 79 20
60 63 41
17 89 13
12 86 54
86 23 30
73 44 100
9 6 100
68 23 100
87 57 12
60 62 42
99 0 18
52 91 8
53 14 15
87 45 12
55 56 46
91 45 8
40 10 19
94 52 5
94 44 5
88 58 19
92 8 23
86 23 21
73 90 9
64 40 100
40 70 100
96 2 24
94 52 5
90 8 14
99 99 29
45 93 6
61 82 21
82 47 17
89 91 20
9 2 21
92 63 20
87 77 19
57 54 100
88 59 20
99 98 41
27 21 20
87 26 12
50 20 33
91 31 9
30 28 23
98 0 23
91 62 16
98 0 21
65 37 100
32 71 100
89 91 23
95 47 4
99 1 20
76 46 100
50 20 34
41 11 19
73 41 100
36 75 30
79 18 100
92 62 13
90 30 13
75 36 27
51 91 8
67 84 16
48 18 15
62 92 7
96 1 32
94 52 5
43 92 7
21 15 100
59 89 10
99 99 53
85 24 32
20 90 29
66 92 7
14 84 100
21 79 100
15 83 100
5 4 44
8 1 21
1 7 36
31 73 100
8 5 100
48 50 48
87 11 39
66 30 100
0 11 18
38 10 23
67 93 6
76 88 12
26 24 36
43 70 69
67 30 32
77 47 100
94 52 5
86 78 33
91 31 11
31 72 100
57 58 50
94 52 5
92 44 7
23 60 34
27 0 19
30 73 100
88 53 14
39 9 19
70 8 11
90 30 12
66 34 35
48 90 9
93 43 6
0 9 27
81 18 24
45 65 100
93 63 13
0 96 38
57 58 100
