1000
47 41 100
44 12 16
28 28 29
0 2 27
32 24 24
2 94 41
99 99 21
77 79 14
16 40 22
19 11 26
0 0 29
12 18 18
68 88 12
98 0 34
55 49 100
0 92 41
6 50 12
0 4 20
0 0 19
0 92 42
80 76 100
36 4 4
96 0 29
87 13 100
71 85 46
2 0 32
15 41 19
99 98 22
34 7 7
62 94 10
40 27 100
28 28 100
85 71 100
29 27 35
46 38 39
14 16 26
0 0 29
14 16 26
51 5 10
19 11 26
8 48 15
12 99 22
73 83 14
40 36 100
6 98 32
11 99 24
22 34 22
30 26 29
45 11 15
91 9 29
91 9 31
81 75 27
99 1 25
32 24 100
16 87 30
85 71 14
62 94 15
16 40 20
41 36 100
16 40 22
93 92 23
21 54 38
26 30 29
3 95 100
16 85 100
93 93 23
95 5 32
44 12 15
41 7 7
99 0 26
55 58 27
34 22 26
23 33 100
96 60 9
35 68 100
17 13 30
69 6 29
19 11 27
7 99 30
14 42 14
93 63 24
8 92 100
0 90 43
55 56 100
30 26 34
21 9 20
64 34 100
61 9 24
95 2 15
84 72 100
96 2 100
14 42 14
99 0 33
19 11 25
11 19 11
9 99 27
48 8 9
47 49 100
35 21 100
11 19 16
0 92 40
62 94 14
35 67 100
32 24 100
67 89 12
47 9 15
12 99 21
98 97 55
50 6 11
18 88 26
37 19 19
77 79 100
29 69 34
46 10 15
16 14 31
99 0 30
21 9 20
17 87 100
17 87 29
21 54 37
19 52 26
6 98 33
31 25 100
5 97 100
8 92 100
82 74 100
0 0 30
47 9 15
70 86 43
66 90 11
22 8 18
14 61 32
51 44 100
44 37 100
91 9 100
2 94 40
89 67 11
22 34 22
28 28 100
46 10 15
89 18 17
28 28 100
45 11 12
28 28 100
30 26 28
68 88 15
41 15 60
33 23 100
38 4 4
87 69 12
73 83 16
48 41 100
8 26 9
12 18 18
90 21 13
38 4 4
31 25 27
34 7 7
11 19 15
39 17 100
25 31 26
7 35 8
46 10 15
21 9 15
20 36 20
22 8 18
97 1 100
29 8 10
27 29 31
19 37 19
26 30 26
12 44 19
73 83 100
5 97 95
78 12 16
2 0 31
37 5 5
99 1 33
37 19 100
53 19 25
38 62 100
32 24 100
93 93 23
88 12 100
84 72 100
96 0 36
65 91 15
99 0 28
21 9 20
11 99 23
0 2 28
47 9 14
76 80 100
76 80 100
92 8 100
80 13 34
70 7 31
38 5 5
2 0 31
18 58 35
44 12 12
29 27 30
17 39 22
90 66 9
22 34 22
21 55 35
17 39 22
32 24 100
85 71 100
54 17 24
7 31 7
46 10 15
60 52 100
29 66 100
94 4 100
12 44 13
33 23 23
2 94 40
93 63 24
92 88 59
26 30 26
93 94 58
11 19 11
18 58 35
52 45 100
88 68 44
99 0 30
82 74 100
16 14 20
78 12 35
89 87 24
19 37 22
45 37 37
39 6 6
78 78 14
4 0 28
11 45 15
86 70 100
97 1 100
7 99 26
65 33 100
43 13 17
32 24 100
6 94 100
46 41 100
2 3 32
20 10 23
33 23 100
14 42 19
82 74 16
91 85 21
59 51 48
99 99 22
41 15 15
75 76 100
61 95 11
50 44 100
92 64 28
42 14 14
33 23 100
89 67 10
34 22 100
18 10 26
73 83 14
52 4 9
98 98 55
18 10 26
6 94 100
32 24 100
53 18 26
21 54 38
99 99 22
82 74 100
79 77 100
30 26 100
4 96 100
88 88 21
81 75 100
39 6 6
37 5 5
43 37 100
68 6 28
17 13 23
45 11 14
45 41 100
41 33 100
28 28 33
30 26 30
36 20 100
52 61 100
37 5 5
26 30 100
5 51 12
39 17 100
61 10 26
87 13 100
39 17 17
40 32 100
33 25 100
31 25 28
38 6 6
51 5 9
32 24 100
92 64 27
75 73 100
92 8 100
79 12 38
58 13 28
55 56 100
0 4 20
18 12 28
33 23 25
13 43 15
54 46 100
95 61 9
62 94 14
33 23 100
95 90 22
82 74 100
76 80 100
0 92 43
15 41 20
0 91 43
88 68 11
3 95 39
15 41 20
28 68 36
92 64 26
81 75 28
12 44 19
39 17 17
38 28 100
7 99 29
47 49 100
34 7 7
75 81 100
51 62 26
75 73 100
11 99 24
80 76 14
53 19 26
72 84 100
23 7 8
42 14 17
89 14 26
48 8 9
58 87 22
37 63 100
73 74 100
55 56 100
50 6 12
9 28 9
41 15 77
75 73 100
29 27 100
46 38 40
94 4 34
88 68 12
10 20 10
12 59 27
96 0 37
17 13 30
91 9 29
62 5 20
63 5 21
14 42 14
39 6 6
28 28 100
93 63 24
62 94 12
95 94 55
0 0 29
42 8 8
99 0 17
45 37 100
37 19 100
24 32 25
17 9 27
80 76 100
31 25 100
16 84 27
22 8 12
74 82 100
70 86 44
94 62 11
83 73 100
83 73 100
61 10 28
75 81 18
2 0 32
40 33 100
1 2 32
13 43 18
18 53 27
7 99 30
40 7 7
82 74 14
96 2 100
95 61 10
10 61 26
65 33 100
2 94 40
44 12 16
93 6 100
81 75 29
99 0 30
71 85 47
50 44 100
68 9 33
9 27 9
86 70 14
88 68 43
11 45 14
99 0 33
89 67 38
47 9 14
29 8 9
4 52 11
36 20 20
41 15 46
50 6 9
10 92 100
93 5 100
0 4 20
45 37 37
50 44 100
0 92 41
7 93 100
20 36 20
93 5 34
69 40 31
52 45 100
10 20 10
79 12 38
37 5 5
37 19 19
21 9 21
87 69 12
15 41 20
32 24 24
13 17 17
15 15 19
10 92 100
84 72 100
93 63 24
95 61 10
29 69 29
41 15 15
50 6 13
6 50 13
23 33 100
99 99 22
64 92 15
13 43 13
24 7 8
0 3 27
47 9 13
13 43 13
58 83 25
94 62 12
10 92 100
6 98 32
6 50 12
36 20 100
5 51 12
39 17 17
43 37 100
84 72 100
18 38 22
6 94 100
0 0 29
89 13 27
80 76 100
0 4 20
69 7 31
68 88 11
57 14 29
61 4 18
43 13 17
75 73 100
7 93 100
99 0 28
32 24 25
78 12 35
32 24 58
3 95 100
53 19 25
7 31 7
10 46 13
39 5 5
36 4 4
50 6 11
91 65 11
89 18 18
72 84 100
63 93 11
46 38 100
41 36 100
39 17 100
96 2 100
77 79 100
40 16 16
52 45 100
60 52 46
32 24 26
42 14 17
8 27 8
41 7 7
67 89 11
37 5 5
77 79 100
99 0 33
73 72 100
89 15 21
87 69 46
36 6 6
50 62 28
44 12 12
47 42 100
47 41 100
45 11 11
86 70 100
99 97 29
98 98 26
44 12 12
52 46 100
40 28 100
99 0 28
99 98 24
27 29 27
78 78 25
72 84 49
3 0 27
4 0 23
74 82 17
40 7 7
90 84 21
34 22 22
14 42 20
47 39 43
7 49 11
99 0 30
47 39 100
39 6 6
85 71 14
40 6 6
46 38 38
24 32 24
27 29 28
9 28 9
33 67 100
39 6 6
72 84 15
34 26 100
95 61 9
86 70 100
6 98 32
35 6 6
38 62 100
7 99 30
1 2 32
59 51 48
1 2 32
29 8 10
12 44 12
85 71 100
92 87 59
41 36 100
7 35 7
4 52 12
43 13 17
93 63 24
20 10 11
31 25 100
30 26 30
81 75 13
38 61 100
76 80 100
0 0 29
95 61 10
37 5 5
54 18 30
94 6 32
39 5 5
64 34 100
72 84 100
92 64 28
16 14 31
82 74 100
15 9 31
99 1 32
99 97 53
56 56 100
41 15 100
26 30 100
55 58 100
72 84 100
19 37 22
37 5 5
40 16 16
44 12 15
82 74 100
53 19 26
33 23 23
3 0 30
54 58 54
0 3 26
19 11 13
51 45 100
41 37 100
66 90 15
93 94 21
45 11 14
22 54 33
7 99 27
22 8 17
11 99 23
8 48 15
51 5 9
99 0 30
59 51 46
50 44 100
64 34 100
75 81 14
32 24 100
87 13 100
12 44 19
84 72 13
66 90 15
67 89 15
89 67 34
21 54 36
76 80 100
11 45 16
4 0 25
99 0 30
70 86 42
18 58 37
39 6 6
30 26 100
91 21 12
67 29 100
71 85 14
11 91 100
16 87 30
79 12 38
23 33 100
47 9 14
44 12 12
55 56 100
61 49 44
21 54 33
82 74 100
17 57 31
89 86 62
11 90 100
39 6 6
0 4 16
7 99 27
99 0 33
50 62 46
26 30 100
62 94 12
12 18 18
57 49 48
84 72 35
64 92 15
11 60 27
0 4 15
94 4 100
95 90 27
86 70 100
33 23 28
42 14 16
54 17 25
93 63 10
66 90 11
92 8 32
11 19 12
87 69 47
0 3 25
85 71 100
38 18 18
53 60 26
87 69 47
95 61 11
99 0 26
94 62 12
89 18 18
32 24 100
79 77 29
92 64 9
73 72 100
94 6 100
71 85 46
65 33 100
13 17 20
29 27 29
55 49 100
81 75 100
19 11 26
74 82 100
69 87 40
58 51 100
0 91 43
20 36 22
1 2 32
38 6 6
73 83 17
4 0 22
1 93 42
66 29 100
4 96 100
42 34 100
34 7 7
12 44 19
71 85 14
46 41 100
87 16 22
71 85 47
97 1 35
88 88 22
39 6 6
57 50 100
47 9 14
37 19 100
11 45 17
22 8 18
89 13 100
37 61 100
0 90 43
61 49 42
22 53 31
58 50 47
87 13 100
69 40 31
64 4 21
53 18 27
90 66 10
16 40 22
34 66 100
16 87 100
14 42 15
36 20 20
38 6 6
57 84 26
22 34 100
69 87 15
47 49 100
99 0 33
63 93 15
99 99 22
14 16 25
45 11 11
39 5 5
50 45 100
95 2 35
45 11 11
32 24 100
37 5 5
15 41 19
13 17 16
0 92 42
15 85 33
0 5 14
23 33 100
54 46 100
35 21 100
46 38 38
18 58 37
0 4 15
5 97 100
6 50 14
89 15 23
54 46 100
46 41 100
11 90 100
40 6 6
37 63 100
37 66 100
35 21 21
16 87 100
52 60 50
79 77 100
4 96 100
32 24 26
36 4 4
10 98 26
18 10 27
78 78 13
1 1 31
0 88 44
54 17 29
61 95 11
13 43 19
99 99 22
3 95 100
36 20 20
45 11 14
0 3 27
36 4 4
82 74 14
19 37 22
89 87 23
51 44 100
50 6 10
99 1 25
74 82 15
73 83 100
23 7 9
18 38 22
6 5 20
99 0 28
75 81 100
62 48 29
67 89 14
4 0 28
46 10 10
29 27 35
0 90 43
6 31 6
36 4 4
99 1 32
50 6 9
2 0 31
15 15 19
87 69 47
20 36 20
99 98 24
45 11 15
25 31 25
72 84 29
37 19 19
83 14 30
39 65 100
34 7 7
77 79 100
6 50 13
19 11 24
87 69 47
94 94 56
34 7 7
46 10 15
38 18 18
1 93 42
89 67 33
48 41 100
94 62 13
8 32 8
40 16 16
21 9 21
50 45 100
0 92 44
2 0 30
33 25 100
73 83 100
99 0 32
48 8 13
27 29 100
99 0 33
37 19 100
70 86 43
66 30 100
99 97 26
54 17 29
34 22 22
35 21 100
79 77 24
4 0 17
94 94 24
50 6 11
65 91 15
46 10 15
92 8 32
76 80 17
91 65 10
17 57 33
43 13 13
35 68 100
47 9 14
12 44 15
26 30 100
47 49 100
48 8 10
44 12 12
22 34 22
24 6 7
24 32 100
76 80 55
79 77 100
37 19 100
34 26 100
51 5 9
59 51 54
61 95 11
50 6 11
50 6 13
40 7 7
0 92 43
11 45 15
99 0 30
8 32 8
61 95 11
31 25 28
0 4 24
99 0 30
13 17 20
42 43 100
67 31 100
92 64 28
88 68 11
93 63 9
24 32 25
23 33 23
19 11 27
54 17 29
94 62 11
99 99 21
78 78 55
91 65 12
51 44 100
21 54 38
5 97 35
10 20 10
61 95 11
96 0 36
28 28 28
52 4 9
11 45 17
53 18 28
3 0 30
56 56 100
65 33 100
45 11 11
67 89 11
5 51 13
84 14 100
99 1 33
94 62 12
91 9 100
71 85 46
34 22 100
66 90 15
83 14 31
15 14 30
81 75 29
62 6 22
78 12 33
52 18 23
93 5 34
13 43 13
34 7 7
82 74 100
68 88 15
96 1 100
2 3 32
92 7 33
62 47 32
34 22 100
75 76 100
82 74 100
94 4 100
56 88 22
26 30 100
75 76 100
15 87 100
40 16 16
99 1 51
67 31 100
84 72 14
40 16 16
39 6 6
63 93 15
15 15 28
41 15 100
34 22 26
83 73 100
8 48 12
92 64 26
96 99 19
37 66 100
1 2 32
12 99 21
9 47 15
9 99 26
74 82 14
68 28 100
59 51 48
32 24 25
21 9 20
51 5 10
42 14 18
45 37 24
0 90 37
9 99 27
47 39 43
56 50 100
45 11 11
69 87 15
46 41 100
