1000
50 45 100
99 95 34
65 20 20
24 79 23
8 82 15
63 18 51
72 27 27
87 42 12
74 29 29
10 90 26
54 9 16
80 14 22
99 94 32
8 3 38
56 38 100
9 64 12
8 63 11
36 91 16
16 91 14
99 94 34
72 25 100
8 83 14
81 88 20
27 82 100
0 5 28
86 41 21
75 30 24
66 21 21
16 91 14
79 89 14
28 75 100
25 80 100
6 5 100
18 73 56
89 68 39
95 5 29
99 95 33
13 68 16
22 77 25
56 11 17
75 30 24
85 19 24
86 20 17
39 60 100
29 84 53
1 0 33
13 88 25
25 80 20
87 42 20
35 90 16
43 61 52
19 74 19
67 22 22
26 76 100
35 90 16
15 90 16
41 64 32
85 13 30
39 59 100
74 29 29
54 46 33
32 87 17
60 15 19
72 22 100
27 82 100
13 68 16
3 8 28
9 0 42
4 58 10
80 13 15
88 72 36
95 99 26
19 74 100
17 12 21
33 66 100
56 11 17
36 91 16
10 1 42
0 7 26
92 47 14
52 7 13
70 23 100
36 90 17
57 38 100
69 24 27
27 82 17
38 61 100
12 67 16
90 8 20
20 75 100
76 30 100
65 7 7
29 84 52
66 21 21
45 93 15
56 11 17
36 68 26
53 41 100
28 83 100
93 48 13
21 76 22
81 51 28
34 65 100
23 78 100
31 86 16
95 99 26
88 21 13
89 44 20
27 82 17
9 64 10
56 11 18
74 29 100
94 49 11
88 43 20
75 30 24
8 90 25
28 83 16
65 20 100
15 90 19
12 88 26
60 8 8
80 35 21
21 79 100
2 2 81
97 96 100
96 99 100
30 85 39
12 88 26
0 9 24
81 51 18
16 17 27
37 92 11
49 44 100
43 52 100
6 5 100
50 53 63
80 87 20
46 65 38
25 80 100
17 72 50
99 94 31
19 74 100
8 90 26
26 81 100
85 19 24
99 95 32
15 87 64
26 77 100
66 6 6
7 0 34
0 95 21
48 46 100
60 8 8
85 19 24
51 90 15
62 5 5
41 64 33
66 7 7
0 11 15
78 33 100
76 31 23
4 58 10
0 7 26
87 42 12
15 15 31
0 5 21
96 99 70
93 36 6
82 16 30
67 22 22
91 46 19
0 10 23
25 80 100
69 24 39
89 22 10
93 8 28
81 13 22
96 99 28
26 81 100
80 89 18
60 35 100
25 80 100
95 5 28
27 82 100
78 33 100
99 96 34
84 18 27
4 93 23
29 82 18
35 90 16
3 8 28
15 14 33
76 30 100
75 30 100
6 5 100
55 10 12
87 42 12
8 83 14
95 99 25
59 41 41
51 53 24
83 88 23
75 30 27
3 99 20
36 91 16
73 28 28
96 99 28
25 76 100
78 33 100
64 6 6
11 0 15
88 13 29
61 34 100
13 11 100
3 3 100
15 70 15
19 74 20
80 35 21
65 20 20
87 42 21
87 13 30
13 88 57
33 88 13
84 18 27
53 42 100
13 88 63
90 45 20
20 75 61
17 16 25
7 0 19
93 48 12
70 25 37
74 29 25
9 64 11
5 57 12
77 32 23
36 90 17
28 83 100
1 4 31
37 92 8
61 34 100
62 17 20
25 76 100
98 96 100
49 43 100
29 84 53
53 8 14
23 78 100
49 55 53
53 47 31
6 57 13
99 95 34
9 64 11
9 83 17
71 26 100
10 0 16
48 46 100
14 89 23
50 5 11
21 79 100
93 36 6
98 97 100
60 41 43
99 0 21
48 16 24
54 9 15
12 88 26
3 3 100
24 77 100
91 46 15
78 33 21
29 82 18
79 34 21
74 25 100
22 77 100
76 31 100
36 68 26
73 24 100
32 87 15
39 94 9
42 53 100
55 10 12
39 94 9
55 10 17
56 39 100
39 60 100
99 95 35
9 0 42
19 74 100
60 36 100
56 11 11
28 83 100
57 12 12
28 83 100
36 91 16
76 31 100
57 12 18
37 63 100
27 75 100
54 47 55
96 99 24
40 94 9
4 2 36
54 9 15
68 28 100
4 7 100
14 89 22
64 19 19
57 38 100
0 0 29
76 31 23
57 12 18
42 62 44
44 50 100
40 94 9
37 67 28
23 78 100
51 6 12
68 23 100
76 30 100
77 32 23
83 15 30
18 73 19
20 75 20
4 1 37
65 20 20
0 11 15
46 15 27
20 75 21
11 0 44
46 58 52
68 29 100
95 99 26
44 48 100
96 0 21
2 2 34
57 38 16
69 28 100
27 82 17
0 11 14
3 93 22
97 97 100
98 1 21
63 18 21
15 15 30
81 13 16
63 6 6
37 63 100
71 27 100
57 38 100
96 99 25
12 67 12
63 18 51
71 27 100
24 79 100
27 82 17
99 95 34
28 83 16
8 63 9
37 92 9
28 83 56
11 0 44
89 44 20
80 14 21
39 94 9
93 48 11
88 71 40
12 11 100
10 85 21
15 70 15
95 99 26
84 88 25
62 5 5
0 95 17
43 52 100
4 7 100
87 13 30
59 14 19
73 24 100
24 77 100
10 65 10
35 90 9
26 81 100
50 53 55
62 41 37
67 22 100
78 33 100
15 70 16
99 96 31
77 32 23
39 61 100
85 40 21
43 63 50
50 5 11
9 2 40
64 6 6
0 8 18
2 2 100
55 10 11
82 50 20
62 33 100
99 95 35
86 41 21
19 74 100
15 16 28
78 33 21
99 96 34
47 45 100
61 40 40
96 99 23
11 66 11
75 30 25
11 66 15
53 48 60
57 12 18
29 82 18
51 6 11
48 17 18
95 5 28
73 21 28
56 11 11
28 83 100
98 96 100
99 2 27
8 63 10
47 45 100
99 95 32
28 83 100
30 85 16
70 25 27
11 66 11
53 42 100
40 94 10
53 8 13
34 89 11
88 43 21
95 4 27
9 84 15
57 12 18
73 28 27
47 16 26
9 64 9
79 34 100
78 33 100
87 42 14
16 91 15
80 87 19
81 51 32
23 78 24
64 19 19
1 2 33
47 16 26
21 76 23
93 48 14
94 99 21
53 48 56
81 15 25
13 68 13
46 65 27
16 17 25
78 33 100
0 6 27
93 8 22
64 19 100
10 65 10
99 95 34
41 56 100
78 33 100
82 16 31
72 27 100
57 12 16
81 15 25
72 25 100
15 90 19
95 99 24
63 18 18
72 27 29
67 7 7
7 0 40
68 28 100
78 33 100
9 64 12
15 70 16
1 96 22
72 22 38
18 73 57
32 87 15
24 79 21
23 78 23
0 1 24
80 14 16
36 91 16
94 99 22
75 30 24
72 22 100
0 6 20
56 39 100
40 59 100
78 33 100
70 25 79
75 30 100
96 99 26
44 48 100
98 2 28
91 8 29
17 72 52
11 66 11
45 50 18
28 83 16
99 2 22
74 30 100
13 88 62
28 75 100
16 17 25
82 16 31
99 96 30
23 78 23
15 90 19
47 45 100
49 44 100
38 93 9
7 4 100
11 87 26
0 0 30
47 16 26
55 40 100
67 28 100
16 17 28
13 68 16
66 21 21
15 90 20
20 75 60
42 62 32
39 94 9
76 31 23
34 89 11
99 94 18
80 35 19
88 43 20
54 9 14
80 52 16
79 34 20
56 39 100
35 90 9
82 50 25
39 8 21
36 68 26
54 9 12
88 43 20
34 89 11
28 75 100
16 91 15
94 4 26
27 74 100
91 9 22
28 83 100
99 95 35
3 99 17
59 35 100
99 95 34
3 0 36
78 33 21
63 18 24
63 5 5
79 34 20
4 7 100
83 38 21
40 59 100
0 10 14
91 8 21
0 7 26
95 3 26
89 22 10
22 79 100
91 8 29
98 53 11
60 36 100
26 81 100
83 15 29
4 0 22
15 90 19
32 87 17
69 24 25
62 41 24
38 61 100
78 33 100
35 90 16
55 10 16
18 73 100
0 7 26
96 99 28
84 88 25
58 36 100
97 97 100
97 97 100
60 36 100
19 74 100
99 96 34
38 57 17
96 99 25
95 99 26
68 23 100
1 0 28
82 87 23
46 15 27
91 46 17
83 17 29
35 90 9
44 47 100
41 56 100
81 88 21
95 0 23
95 99 25
14 16 25
12 67 16
38 93 9
46 15 27
81 51 30
45 66 33
94 5 28
90 68 41
47 45 100
38 61 100
14 69 15
3 2 35
78 33 100
82 16 29
83 58 13
8 90 25
43 13 28
23 78 25
90 67 41
63 18 79
99 96 31
93 48 12
60 41 41
11 0 43
9 90 26
87 42 12
24 79 100
94 49 11
67 29 100
93 48 11
28 83 100
95 4 27
35 90 16
97 97 100
55 10 17
62 40 37
58 37 100
35 90 16
15 14 30
67 22 100
28 83 16
96 99 28
28 83 100
10 85 21
94 5 24
41 10 26
64 19 19
99 94 32
15 85 66
63 18 18
46 15 26
64 19 19
10 85 21
31 86 16
39 8 21
5 57 12
4 3 100
59 41 41
4 3 100
70 25 28
53 48 58
31 86 16
7 62 9
42 13 27
89 12 28
51 6 11
0 5 28
18 73 18
5 6 100
1 10 24
63 6 6
80 35 21
0 95 20
5 0 21
1 96 23
46 65 33
23 78 100
57 12 14
87 42 12
31 68 100
70 23 100
50 53 63
61 34 100
80 14 22
79 34 20
57 38 100
68 23 100
88 43 20
11 10 100
43 63 50
59 36 100
0 11 21
4 1 37
86 41 21
81 51 27
0 0 30
64 6 6
95 99 26
66 29 100
2 2 100
39 60 100
8 82 15
0 10 23
80 89 18
53 41 100
0 95 21
4 1 36
79 34 21
14 16 23
9 64 11
58 37 100
13 89 24
4 7 100
89 68 43
37 92 9
6 5 100
60 35 100
57 12 14
81 88 21
39 94 9
35 90 16
18 73 100
63 6 6
91 66 29
87 42 17
83 58 13
83 16 31
31 68 100
78 33 100
11 87 25
11 0 44
91 68 35
15 90 17
3 3 100
90 66 38
43 51 100
57 12 18
96 99 25
69 24 24
90 68 39
36 91 9
80 14 16
44 47 100
13 88 64
81 88 21
24 77 100
58 38 32
86 41 20
56 11 11
29 84 16
9 0 38
88 21 13
20 75 100
44 50 100
19 74 100
83 58 34
78 33 21
7 62 10
2 3 33
90 69 38
9 64 15
56 39 100
44 48 100
78 33 100
56 11 11
35 64 100
35 65 100
95 99 26
27 82 100
20 75 21
73 26 100
69 24 100
31 86 17
42 95 10
56 11 17
88 43 21
16 17 24
87 13 32
34 89 11
35 90 16
64 6 6
56 11 18
16 14 24
73 22 85
7 0 40
21 76 25
88 43 20
62 5 5
47 16 25
62 17 20
17 72 17
44 47 100
51 6 12
80 14 22
39 8 21
79 34 100
4 58 10
96 99 28
60 8 8
0 95 21
98 97 100
15 70 15
10 85 21
99 96 31
8 0 18
82 16 31
62 40 38
7 82 11
66 7 7
79 34 21
3 99 20
57 12 17
19 74 19
1 4 31
65 20 20
0 0 29
63 18 18
15 15 31
35 90 16
92 8 29
43 13 27
36 65 100
88 20 14
74 29 100
95 99 24
9 64 11
81 36 21
66 21 21
43 95 11
83 15 29
96 1 25
99 95 34
15 90 20
49 45 100
35 90 9
50 5 11
52 7 13
15 70 16
48 46 100
54 49 54
0 0 31
26 76 100
28 83 100
82 16 29
15 14 32
9 8 100
17 72 37
78 33 100
65 20 20
66 30 100
58 13 13
0 10 23
0 95 21
27 82 100
80 87 20
15 13 24
15 15 30
19 74 20
18 73 18
87 13 30
88 43 20
11 0 24
8 63 9
52 7 13
15 70 15
33 66 100
17 72 27
36 91 16
5 6 100
44 50 100
51 6 12
45 65 38
17 72 50
78 33 15
26 81 100
35 90 16
71 26 100
6 6 100
27 75 100
88 20 15
95 99 26
22 77 23
60 40 40
27 82 17
0 6 19
10 0 43
83 88 23
0 0 30
39 8 21
94 49 11
88 43 20
35 90 16
53 8 14
15 90 20
43 53 100
67 30 100
12 89 25
50 5 11
89 44 11
89 44 20
28 83 16
84 15 31
84 15 29
40 60 22
42 95 11
99 96 32
37 92 9
47 45 100
16 71 17
0 3 31
41 93 11
91 68 33
7 4 36
57 38 38
6 57 13
54 9 15
0 1 30
23 78 24
59 36 100
37 63 100
59 41 41
66 6 6
37 92 9
65 20 100
80 35 21
85 19 21
78 33 100
85 40 21
21 76 100
41 64 33
81 15 24
27 82 17
81 15 24
89 70 40
87 42 12
93 48 11
66 21 21
88 72 17
79 89 16
69 22 100
36 91 16
99 96 100
82 16 31
65 20 20
15 90 19
21 76 100
71 25 100
67 22 100
97 97 100
39 8 21
16 83 65
71 26 100
5 6 100
84 18 27
99 96 55
63 32 100
99 2 21
99 95 34
14 69 14
10 85 21
82 50 32
97 98 100
96 99 28
66 21 100
49 51 25
68 23 23
43 13 27
35 65 100
63 18 21
2 98 24
27 82 17
16 71 17
48 16 21
67 28 100
68 23 23
53 8 14
52 7 12
0 9 19
83 38 21
93 66 16
0 95 19
91 8 30
15 70 17
57 38 100
9 64 11
37 67 29
44 48 100
