1000
54 45 100
69 24 29
90 8 29
20 75 20
6 71 6
79 34 28
8 81 13
39 93 7
17 84 21
32 87 17
87 42 12
29 84 19
15 57 23
85 12 32
41 59 100
33 17 42
7 73 7
20 75 20
91 37 8
58 39 42
70 29 100
56 11 11
37 92 7
62 17 100
19 82 27
83 38 19
33 68 33
44 8 18
7 42 8
99 99 23
29 73 100
23 78 100
97 98 100
85 12 44
11 48 22
86 41 13
57 40 42
33 88 11
99 99 23
11 66 13
86 52 20
32 67 32
84 13 26
59 38 100
45 56 51
34 66 34
53 44 46
87 42 12
84 39 17
53 8 17
81 36 19
15 57 23
38 93 6
23 76 100
85 88 26
41 90 12
59 38 38
85 12 31
59 38 100
86 11 32
20 75 20
62 17 17
2 0 31
0 1 100
18 73 100
90 45 9
26 81 31
0 2 27
7 93 21
99 99 23
30 85 17
13 68 18
0 1 100
93 48 6
32 69 100
33 68 33
41 11 28
87 10 31
27 82 21
87 90 26
26 81 19
21 76 100
85 12 29
58 40 100
85 12 42
15 34 16
36 64 100
99 96 20
7 42 8
71 26 100
1 0 100
79 34 20
57 40 43
84 39 16
53 85 15
0 2 27
10 52 23
55 44 100
1 0 100
89 90 24
41 90 12
50 5 13
32 69 100
22 76 100
7 62 10
47 9 24
33 68 31
30 85 20
14 35 15
56 88 13
13 68 14
68 23 100
48 83 17
57 40 43
63 18 18
27 82 19
49 86 15
83 86 100
78 83 26
33 68 33
51 6 9
99 98 38
21 76 100
82 14 95
70 25 100
21 76 100
87 90 32
51 50 49
16 85 21
32 18 27
90 45 9
92 47 7
47 52 100
37 47 100
1 1 100
47 54 49
14 89 18
10 65 11
23 78 100
73 28 27
12 37 12
24 79 100
99 96 22
63 18 100
0 1 27
16 58 24
20 81 52
22 77 100
28 93 7
88 43 11
89 44 10
54 46 100
33 17 27
92 47 8
92 34 7
1 0 21
96 99 27
7 73 7
84 60 28
75 30 100
0 2 27
38 93 6
87 90 32
80 82 25
0 1 27
1 0 28
71 26 47
77 82 21
13 68 18
7 73 7
10 65 12
13 88 21
80 15 100
23 78 56
7 80 11
99 96 36
86 41 13
98 99 36
19 74 100
99 99 23
61 37 100
98 99 100
10 9 29
61 16 100
89 90 100
48 53 52
34 89 10
91 46 8
87 42 12
89 44 10
22 77 23
16 58 25
66 21 100
68 23 100
98 98 100
78 19 28
37 92 7
95 5 17
87 42 12
57 41 42
59 90 11
12 40 16
17 84 26
91 37 8
54 9 16
10 65 12
61 16 52
22 76 100
91 95 100
83 50 19
99 2 17
74 29 25
62 36 100
76 31 100
99 98 100
92 47 7
35 13 39
51 50 52
18 73 18
56 42 43
88 90 34
56 42 43
90 37 9
90 45 9
45 54 100
80 35 23
81 36 19
99 98 38
78 82 24
6 61 10
14 19 21
16 71 42
10 52 23
78 83 26
19 74 19
52 7 13
14 35 15
97 98 100
0 1 100
92 34 7
62 36 100
59 14 18
22 76 100
21 76 100
54 45 100
60 15 19
10 9 29
22 77 100
0 2 27
87 14 26
30 91 10
52 8 18
11 38 11
58 89 13
68 31 100
89 63 22
53 46 100
86 41 13
34 89 10
21 76 100
77 19 22
21 76 100
71 26 29
10 65 10
87 14 17
28 83 20
11 66 13
23 78 100
22 76 100
66 21 22
11 66 13
62 17 17
84 13 47
71 26 100
23 78 100
1 0 100
80 10 19
71 26 100
99 99 23
32 67 32
39 62 100
71 26 26
6 72 6
80 84 30
38 47 100
60 38 100
80 35 23
35 64 41
75 30 100
61 37 100
42 90 13
71 26 100
52 87 12
95 96 100
91 46 9
20 75 100
80 35 19
34 68 100
27 74 100
70 25 27
99 2 26
26 81 18
98 99 36
0 1 27
68 33 100
74 29 100
57 40 42
13 39 22
57 41 100
10 65 11
84 13 31
71 26 31
33 88 11
56 42 100
53 82 17
58 39 39
22 77 100
10 65 10
72 27 100
20 75 100
14 86 22
15 86 21
11 87 23
8 43 13
78 33 32
12 67 15
28 83 18
79 84 26
92 47 8
65 20 20
3 0 32
67 33 100
53 9 18
55 44 100
59 38 38
73 28 43
66 86 14
68 32 100
36 13 39
6 71 6
5 0 33
98 99 100
39 93 7
96 99 33
49 7 19
56 11 11
81 16 21
34 68 100
68 32 100
58 40 100
84 39 15
6 72 6
25 80 48
68 32 100
23 78 100
48 53 49
99 97 38
49 84 16
6 71 6
68 23 23
0 1 100
14 86 22
96 99 31
7 62 10
37 92 7
86 89 25
12 89 20
63 18 100
78 19 26
56 88 13
83 14 30
80 35 19
32 87 12
89 92 23
57 41 100
24 79 100
12 67 14
90 94 32
70 28 100
22 77 100
92 7 18
10 9 22
63 18 100
13 68 15
38 93 6
75 30 100
87 90 100
12 39 15
12 89 20
54 9 18
37 64 100
99 97 38
50 50 50
50 5 9
55 43 44
59 90 11
5 0 31
73 28 100
6 61 10
90 45 9
64 36 100
14 69 18
35 62 46
1 1 100
39 61 43
0 2 26
99 98 38
52 49 100
63 18 18
69 24 25
42 90 13
13 68 15
96 99 26
96 99 33
61 16 17
10 10 28
55 10 10
93 48 6
11 86 21
16 71 19
58 39 39
2 1 100
77 19 100
16 33 16
55 10 11
52 48 100
82 15 29
1 1 100
90 45 9
13 68 18
18 73 18
46 53 100
91 36 8
67 22 22
89 44 10
83 38 19
99 96 21
83 50 18
15 86 21
34 89 10
7 73 7
59 90 11
1 1 100
89 91 100
88 43 11
62 17 17
29 93 9
85 58 27
96 99 28
70 25 25
19 81 60
29 84 19
82 15 29
95 5 27
90 45 9
12 67 14
89 44 10
8 63 10
16 33 16
55 10 12
20 75 100
14 69 18
80 35 19
16 71 100
93 48 7
15 86 21
39 62 100
79 18 100
1 0 31
21 76 100
99 97 36
40 12 33
70 28 100
82 86 27
87 42 12
61 16 16
2 0 30
11 38 11
86 11 32
67 33 100
23 78 100
35 90 10
38 63 40
93 48 7
19 81 53
99 98 38
90 45 9
11 22 15
27 82 18
38 93 6
93 48 6
34 89 10
17 34 17
92 47 7
73 28 100
92 47 7
45 57 100
36 47 100
91 95 100
1 0 100
68 23 100
89 44 10
40 50 100
17 34 17
11 86 22
1 0 30
29 93 6
89 64 20
58 89 13
9 64 10
68 23 100
80 35 23
30 72 100
91 95 27
68 23 36
50 5 10
92 95 25
13 88 20
54 46 100
54 45 100
0 1 24
70 25 100
90 45 9
13 88 20
86 52 19
56 43 100
67 33 100
10 47 20
84 58 27
49 7 19
78 33 22
84 13 46
15 34 16
42 90 13
36 13 38
13 20 19
59 91 10
42 90 12
83 38 18
79 83 28
25 80 19
67 22 23
56 43 100
94 4 27
8 43 13
11 22 14
49 52 47
12 89 20
34 65 38
27 46 32
30 72 100
7 73 7
53 8 13
29 73 100
89 63 21
20 75 100
69 24 29
90 45 9
61 37 100
58 13 18
99 97 38
84 39 17
25 80 31
76 85 19
0 3 23
99 98 100
0 1 28
38 62 100
52 87 12
92 35 7
2 0 31
0 2 26
50 5 9
21 76 100
87 13 27
87 14 16
61 37 100
63 18 100
83 86 32
14 89 18
7 73 7
79 34 21
99 99 36
92 35 7
36 64 100
24 79 100
11 66 12
83 14 29
23 78 100
68 23 27
1 0 75
21 76 22
38 63 100
98 98 100
98 97 100
35 46 100
1 1 100
99 98 37
91 37 8
33 68 31
36 64 42
73 28 100
86 53 19
44 86 20
96 99 27
93 5 29
22 77 23
11 10 22
46 53 100
38 62 100
10 65 11
92 47 7
87 42 12
81 36 18
99 99 23
81 16 26
84 85 25
78 83 26
41 89 13
53 8 16
93 5 29
52 48 100
37 64 100
38 93 6
83 14 47
62 17 100
12 67 14
33 68 31
10 65 11
80 35 19
99 99 35
12 88 22
98 99 36
89 44 10
50 5 12
88 43 11
47 8 23
92 7 28
37 92 7
23 78 100
6 93 22
66 34 100
6 72 6
18 73 100
35 14 40
3 0 31
99 98 100
16 58 26
51 86 13
38 63 100
32 87 20
95 5 27
74 29 100
81 36 19
98 99 36
4 3 100
30 85 17
99 2 26
88 52 16
20 75 20
92 47 7
73 28 43
32 18 40
28 83 19
87 42 12
15 57 24
50 85 14
11 66 11
10 90 21
99 98 100
15 57 23
73 28 100
17 83 25
16 85 21
37 92 8
88 65 20
88 43 11
76 31 23
46 51 52
71 26 44
27 82 20
2 1 100
83 14 30
6 61 10
84 13 45
27 46 35
83 51 20
43 87 19
8 81 13
22 77 100
14 38 16
61 16 16
30 71 100
71 26 100
0 2 27
64 36 100
35 90 10
86 41 13
57 41 100
71 26 100
14 86 22
76 31 100
33 88 11
37 64 100
11 66 12
84 13 44
17 84 21
36 91 8
78 83 26
50 5 10
23 78 21
65 35 100
79 18 100
59 38 100
93 48 7
13 87 22
10 85 19
45 56 100
9 64 10
98 99 35
99 98 38
17 34 17
18 73 18
58 40 100
45 10 27
73 28 100
13 40 20
87 63 24
66 20 100
61 37 100
82 15 29
93 5 29
10 85 19
82 14 28
19 74 100
15 58 22
53 8 9
12 39 15
9 64 10
86 12 31
32 69 100
87 90 100
12 89 20
23 78 21
10 45 18
6 71 6
23 78 100
33 88 11
57 41 100
3 0 32
11 40 14
84 51 19
15 57 24
20 75 20
14 88 19
46 51 100
41 59 51
11 10 29
22 76 100
58 90 12
3 0 31
72 27 28
90 8 29
78 83 26
44 9 19
0 1 100
45 57 100
20 75 100
10 87 21
39 13 36
35 14 30
25 80 55
16 34 17
84 59 27
41 59 100
55 44 100
25 80 100
10 52 21
34 69 100
33 69 100
98 99 35
62 17 100
33 68 31
71 26 100
0 1 100
84 87 32
14 56 20
99 99 34
87 13 28
6 71 6
59 14 18
17 34 17
38 63 43
49 84 16
3 0 32
93 48 7
98 99 36
16 85 21
41 12 33
15 86 21
7 73 7
89 64 20
80 35 23
43 9 20
46 53 100
51 50 49
85 40 14
50 5 12
98 97 100
50 85 14
79 34 28
0 3 22
82 14 25
19 80 100
81 36 18
14 15 27
17 72 18
95 6 16
38 62 49
1 0 29
32 18 27
50 5 9
97 99 34
38 93 6
89 8 30
16 13 20
74 29 40
41 59 46
11 86 21
3 0 32
10 65 12
22 77 22
65 20 20
0 3 25
34 68 100
52 7 9
68 23 100
10 65 10
41 11 28
26 81 33
99 99 35
6 0 17
22 77 23
84 59 28
58 13 18
11 86 22
53 46 100
54 9 13
17 72 17
34 89 10
90 45 9
46 50 100
53 9 19
16 58 25
23 75 100
63 18 100
80 84 31
16 58 25
18 73 100
27 82 21
24 79 100
11 66 13
64 35 100
28 83 20
45 10 27
99 99 23
2 0 100
84 13 26
89 44 10
22 77 22
1 0 29
92 47 8
67 22 25
53 8 17
89 64 21
6 71 6
11 41 15
99 99 23
33 70 100
13 88 21
91 46 8
17 71 100
40 50 100
17 34 17
10 87 21
35 63 44
30 92 8
99 98 100
87 42 12
71 27 100
17 71 100
28 73 100
43 10 24
86 11 31
8 43 11
43 86 21
72 27 28
21 76 21
45 10 27
85 58 27
10 87 22
86 89 25
17 34 17
86 41 13
10 65 11
53 8 16
18 73 18
40 61 100
64 35 100
81 83 32
13 20 19
42 90 12
30 85 20
59 91 10
27 82 21
16 58 25
11 38 11
16 33 16
92 7 28
33 68 31
52 49 100
12 88 22
73 28 41
8 43 11
48 83 18
61 16 64
77 85 20
93 48 6
10 10 28
13 88 20
10 10 28
38 63 100
35 65 100
76 31 23
11 66 11
13 88 20
76 31 100
47 54 52
91 46 8
66 20 100
0 1 28
21 76 100
15 34 16
58 39 41
80 84 30
34 66 33
10 45 18
92 35 7
6 61 9
99 99 35
99 0 18
87 66 20
74 29 100
10 41 14
23 78 59
23 78 26
89 8 30
80 35 19
20 75 100
70 29 100
74 29 100
98 99 100
35 90 9
99 98 44
68 31 100
17 72 100
33 88 11
1 0 100
64 36 100
8 81 13
66 21 23
99 2 19
16 33 16
14 38 16
98 99 100
14 69 18
24 79 100
32 87 13
82 83 30
94 4 27
33 68 100
0 1 32
13 88 20
58 39 41
41 12 33
70 25 25
67 33 100
0 2 27
12 88 21
49 85 16
44 86 19
79 34 23
16 71 16
93 48 7
99 99 35
75 30 24
57 41 100
10 40 13
99 2 26
45 56 100
