1000
53 47 100
76 76 42
99 1 29
26 88 19
0 12 12
90 18 63
93 21 11
24 90 13
3 96 40
71 84 33
14 0 14
19 76 19
87 45 17
1 13 43
55 57 100
92 38 12
90 51 9
88 83 15
67 90 9
1 13 14
76 24 100
11 48 15
12 0 12
8 7 100
99 99 45
20 77 37
91 19 20
77 76 22
92 77 8
92 64 7
34 28 100
13 12 100
7 7 100
73 41 38
0 94 18
15 0 15
98 0 31
26 88 18
74 40 23
27 87 19
37 78 22
56 59 29
73 41 20
59 56 100
2 12 45
26 88 18
19 76 26
7 5 12
14 0 20
0 14 14
1 95 22
65 49 23
93 60 8
42 70 100
69 86 21
73 91 15
88 85 16
27 84 23
42 35 100
13 1 22
99 99 19
20 67 23
20 77 37
4 10 47
33 79 100
6 6 12
92 16 43
73 82 45
93 78 6
97 98 20
92 38 8
49 67 39
9 5 100
16 0 16
37 29 100
26 88 19
13 1 14
4 98 31
14 0 20
66 48 24
12 0 12
90 18 100
28 86 18
50 58 100
12 2 26
90 36 12
45 63 100
15 0 15
60 83 16
91 18 65
5 9 45
92 63 7
3 97 34
47 67 32
85 31 14
27 87 19
91 49 9
59 52 100
26 84 100
89 51 10
29 85 14
44 90 9
42 66 100
79 25 100
81 62 18
80 72 22
12 64 17
75 21 28
51 63 36
98 0 30
99 99 33
80 26 100
42 72 27
86 32 14
80 72 21
14 0 14
91 23 15
11 10 100
12 92 25
14 95 24
75 21 17
12 2 27
22 19 100
10 4 35
84 30 100
23 85 100
72 83 42
4 98 31
73 41 29
16 97 14
16 43 20
7 7 14
54 54 100
51 46 100
7 7 100
74 74 42
91 64 8
24 18 28
11 11 100
4 10 39
60 83 16
83 29 100
99 1 29
11 11 100
93 20 15
1 13 14
21 85 35
30 76 100
77 37 18
0 14 14
86 69 13
56 49 100
0 15 15
3 9 12
12 58 12
69 45 18
69 86 22
90 71 9
13 59 13
84 30 100
61 54 30
5 5 10
74 40 29
52 88 16
6 6 12
90 82 11
65 57 78
85 58 14
2 96 41
0 15 15
70 15 27
69 86 36
5 9 46
11 3 29
39 93 6
1 95 22
15 44 20
11 3 29
8 7 100
92 63 7
44 64 100
84 30 70
82 28 19
7 7 100
85 31 100
65 57 65
16 62 21
81 62 18
87 55 13
36 82 17
48 66 38
98 0 31
34 78 100
81 27 100
8 6 100
0 14 14
72 42 23
47 93 6
20 66 24
99 99 27
39 93 6
0 14 14
39 75 26
29 85 14
13 93 26
18 41 21
44 73 28
41 70 100
85 31 100
92 50 7
92 73 7
86 32 14
38 33 100
83 29 100
9 5 38
92 63 7
77 37 24
44 72 29
99 99 26
99 99 40
27 85 21
28 86 19
18 16 31
79 73 20
54 56 100
99 99 42
92 20 17
4 10 44
77 37 20
16 72 17
25 89 14
2 12 46
92 38 10
26 88 14
65 11 18
23 69 24
87 58 13
34 80 100
11 3 30
26 53 20
70 40 100
73 82 48
41 70 100
34 80 100
53 55 100
2 12 45
63 51 26
32 76 100
4 98 31
19 40 20
44 90 9
98 0 32
85 58 14
52 62 34
30 25 100
96 98 21
55 49 100
80 72 21
88 44 17
16 15 100
86 89 20
44 73 73
6 6 12
15 44 17
52 89 14
29 85 18
88 20 21
85 31 100
29 25 100
79 73 20
0 14 24
92 61 8
22 86 81
23 19 100
64 58 100
84 30 71
91 23 10
77 23 100
13 1 14
88 10 30
52 45 100
92 61 8
16 98 14
56 59 29
51 46 100
41 35 100
12 2 25
14 0 20
83 29 100
63 43 100
26 54 27
34 80 100
89 51 10
8 6 100
99 0 30
11 11 100
1 13 40
61 54 100
63 57 100
99 99 29
0 94 18
74 71 25
4 10 43
86 66 13
42 69 100
34 80 100
72 42 26
43 71 28
55 57 100
67 47 24
98 0 32
61 53 31
0 14 14
59 53 100
93 59 6
25 18 27
80 26 100
90 82 11
31 76 100
70 62 100
35 81 18
99 99 36
98 99 29
21 20 32
92 16 63
98 0 32
0 14 14
19 76 20
77 75 23
94 12 23
99 99 29
73 35 100
48 68 35
51 47 100
13 59 13
4 10 47
99 99 17
42 70 100
99 0 30
2 12 14
92 38 12
45 74 100
14 60 15
61 60 41
87 56 13
14 43 16
69 45 18
44 64 100
42 70 100
48 58 100
16 62 21
52 89 14
64 57 65
30 25 100
81 27 100
86 68 14
1 13 43
92 60 9
88 44 16
99 99 19
99 99 80
79 36 25
18 64 24
86 57 13
60 83 16
14 43 18
62 52 23
84 30 100
90 64 9
80 26 22
76 22 28
6 6 12
52 89 14
88 69 11
60 52 100
8 6 100
77 75 33
48 66 39
37 74 100
30 76 100
18 16 31
63 51 23
83 29 100
93 12 44
44 90 9
82 28 100
9 8 100
69 14 27
16 97 19
77 21 31
45 63 100
2 96 41
87 33 14
56 59 25
20 77 40
87 45 17
92 61 8
99 99 100
0 15 15
7 7 14
45 66 100
42 72 27
27 84 26
26 83 100
0 14 14
13 1 14
22 86 51
54 53 100
57 58 29
99 0 26
84 30 15
43 71 29
5 99 28
73 41 37
19 76 38
0 14 14
86 46 16
12 0 12
16 97 16
48 68 37
91 82 8
34 80 100
35 81 100
87 56 12
20 76 20
54 49 100
69 86 21
84 30 100
79 64 20
92 16 41
36 82 17
52 48 100
85 58 14
12 2 14
92 81 8
74 40 29
60 55 26
66 89 11
20 77 36
94 12 23
86 32 13
92 73 7
85 31 100
85 31 100
25 89 17
10 90 24
47 93 6
88 59 12
4 98 28
18 41 20
92 16 64
14 0 14
21 67 24
12 0 12
37 83 16
56 59 30
14 0 14
5 99 24
44 90 9
45 91 9
86 21 100
27 83 30
87 68 12
35 81 100
5 5 10
28 86 19
61 49 100
7 6 100
21 86 34
9 5 100
58 57 29
17 63 23
42 71 100
0 14 14
86 68 13
99 99 19
72 42 28
93 78 6
13 1 23
73 35 100
34 80 100
81 62 18
83 29 17
75 78 24
64 56 64
11 3 29
7 7 14
87 45 17
44 90 9
87 11 26
75 21 18
99 99 23
86 88 21
87 68 12
71 60 88
85 58 14
51 46 100
48 60 100
84 30 100
91 18 65
29 77 100
18 75 19
51 47 100
99 0 30
70 15 29
84 30 37
0 94 18
91 84 10
92 50 7
12 92 24
31 77 100
2 12 44
43 67 100
40 74 25
21 86 32
66 86 15
5 5 10
7 5 12
56 49 100
53 47 100
17 79 20
6 8 100
72 83 28
19 17 32
88 55 12
51 47 100
37 29 100
36 82 17
87 55 13
91 37 12
69 14 26
22 84 50
48 66 34
67 88 14
76 38 24
35 81 18
93 39 7
60 55 18
93 12 25
0 14 14
52 62 15
69 86 23
59 49 100
89 66 10
91 23 14
83 60 17
7 53 8
81 27 20
90 18 22
7 53 7
42 67 100
84 30 15
84 30 15
73 35 100
92 51 7
34 80 100
75 76 43
50 87 14
40 34 100
14 0 20
92 16 43
28 86 19
21 86 34
86 89 21
93 39 8
84 30 100
3 96 41
43 42 100
51 64 15
47 93 6
33 79 27
6 6 12
93 39 7
80 28 100
14 0 14
40 93 6
55 58 100
33 79 100
86 32 14
39 93 6
66 48 23
2 96 25
99 99 36
93 39 7
64 44 100
8 6 100
19 76 21
6 6 12
10 4 35
99 99 42
25 83 33
1 13 14
48 60 100
35 81 100
85 31 100
63 43 100
6 8 100
12 2 26
73 19 18
87 59 14
77 75 34
80 28 100
72 13 28
16 97 19
1 13 14
82 28 19
20 18 32
45 74 20
58 53 100
63 45 100
17 78 19
16 97 15
4 98 28
67 87 17
69 14 25
17 79 20
17 42 21
99 0 30
67 88 14
13 1 14
5 7 12
54 52 100
41 35 100
12 0 12
22 86 100
84 30 100
0 14 24
93 21 10
42 72 27
25 89 18
75 21 29
13 1 14
4 10 43
77 37 26
6 6 12
13 93 26
41 73 26
79 73 22
65 11 23
31 77 100
38 84 16
72 38 100
92 79 7
34 80 100
16 97 19
21 19 32
8 6 100
14 94 25
96 98 21
63 43 100
28 86 19
6 6 12
71 61 100
97 98 21
2 12 46
7 7 100
92 63 7
28 86 14
82 61 18
59 56 29
87 87 19
99 99 100
15 61 17
88 55 11
67 47 28
16 43 20
14 60 17
50 87 14
93 60 8
91 19 100
89 82 13
85 31 100
76 22 53
74 40 35
87 11 30
92 79 7
46 92 8
4 10 32
46 68 32
99 99 46
87 65 12
44 73 100
99 99 30
20 76 20
3 11 45
37 83 16
75 20 23
15 0 15
46 92 8
32 76 100
15 95 22
24 70 24
72 38 100
5 9 100
92 16 41
70 39 100
0 94 18
25 18 26
60 52 100
79 26 100
12 2 24
33 79 100
59 56 27
44 62 100
80 72 21
43 72 28
13 1 22
78 74 22
89 21 19
91 52 8
57 60 45
61 56 100
23 85 100
63 45 100
92 73 7
19 76 22
1 13 14
58 54 100
85 29 14
92 16 44
3 11 45
5 99 23
71 84 22
63 45 100
6 6 12
6 8 100
87 33 14
91 37 11
34 80 100
40 34 100
36 82 17
88 59 12
16 0 16
6 6 12
33 79 100
0 93 17
88 55 11
72 42 25
64 10 19
76 22 53
37 29 100
84 30 100
70 15 25
29 85 19
6 6 12
7 7 14
26 84 100
0 94 19
54 57 100
99 99 36
68 87 19
25 89 13
77 75 24
91 23 14
46 92 8
54 54 100
73 65 37
17 78 19
79 26 100
5 5 10
79 36 25
91 82 10
12 2 24
81 62 18
26 53 20
91 19 100
54 57 100
32 78 100
92 61 8
14 0 14
88 43 17
92 17 65
89 64 10
77 37 23
50 47 100
58 49 100
85 23 100
78 36 18
38 33 100
70 38 100
2 96 36
7 7 100
0 94 18
79 25 100
5 9 46
84 30 16
12 64 17
99 99 29
14 0 20
62 8 23
3 97 34
69 14 24
41 73 26
87 88 20
67 47 29
26 53 27
10 4 32
86 32 31
87 33 14
86 32 25
11 87 22
76 75 24
42 72 27
67 88 14
58 52 100
92 20 17
35 81 18
77 37 22
84 30 100
88 87 17
73 41 37
97 98 18
6 6 12
10 4 35
39 93 6
88 66 11
1 13 14
92 51 7
27 84 28
76 76 23
93 64 6
92 64 7
63 58 40
45 91 9
72 83 40
92 73 7
91 17 63
76 76 23
26 88 18
4 10 40
25 89 18
19 76 20
37 79 22
19 16 31
44 64 100
88 69 11
30 76 100
88 55 11
44 90 9
91 18 42
2 96 35
93 39 7
14 0 20
15 61 19
76 22 51
87 65 13
55 49 100
16 43 20
68 46 18
29 85 18
89 35 14
54 54 100
19 76 38
80 72 19
75 25 100
8 6 100
0 14 22
3 11 14
34 79 100
42 72 27
33 79 100
66 48 29
38 30 100
73 41 25
18 75 21
87 88 20
5 9 100
54 60 30
19 40 20
94 11 24
14 0 14
70 15 25
72 83 45
72 42 28
23 69 24
74 81 26
87 11 31
91 23 14
43 67 100
18 64 24
35 81 18
34 80 100
58 55 100
37 79 21
17 42 21
1 13 40
89 67 10
92 18 66
34 80 19
27 23 100
33 79 100
75 25 100
93 39 8
2 96 35
9 55 9
97 98 25
43 71 28
16 0 16
0 14 24
80 26 23
7 5 12
90 36 10
5 99 23
43 71 28
4 98 27
98 99 27
19 17 32
49 47 100
70 40 100
99 99 29
92 60 9
43 71 14
14 0 20
17 97 13
48 66 37
87 33 14
13 59 13
93 39 7
80 26 23
99 0 29
54 54 100
93 11 25
11 3 29
89 66 10
5 5 10
99 99 45
91 37 8
59 82 17
86 66 14
17 63 23
91 23 15
42 35 100
65 43 100
19 77 21
99 0 25
19 76 19
11 11 100
25 83 33
93 39 9
85 31 100
62 55 38
16 15 100
85 68 14
90 61 10
88 12 29
89 35 13
44 90 9
83 60 17
25 89 13
61 53 29
92 51 7
90 48 11
79 24 100
67 86 19
99 99 100
99 99 43
76 22 29
45 91 9
14 14 100
78 26 100
32 78 100
91 19 67
93 59 6
64 58 78
78 26 100
34 80 100
17 42 21
99 99 100
43 66 100
93 21 14
98 0 32
12 0 12
15 61 19
92 20 17
70 62 88
99 99 42
33 79 100
87 11 27
92 20 17
86 69 13
70 38 100
26 84 31
0 93 17
21 19 32
86 68 14
7 53 7
43 67 100
71 84 42
87 33 14
43 71 28
29 85 17
2 12 45
7 53 7
99 99 18
51 64 37
21 67 24
58 55 100
88 43 18
25 89 15
53 56 100
