1000
42 53 100
19 81 31
20 80 23
84 8 30
8 59 8
17 80 35
59 17 23
30 70 29
65 23 36
85 10 27
13 52 13
46 8 23
12 76 13
30 58 31
51 38 100
19 81 19
90 98 10
13 75 14
91 99 8
0 0 26
67 23 100
6 52 6
8 47 10
90 94 100
0 0 54
65 23 36
52 10 32
19 81 19
99 86 13
6 61 6
30 69 100
21 78 100
64 22 100
20 80 37
0 0 25
84 42 18
49 39 35
99 89 21
33 16 18
49 39 35
14 49 14
7 67 7
11 54 11
33 61 100
82 10 33
66 22 34
89 99 37
12 53 12
27 65 27
20 80 23
22 67 22
29 70 29
18 82 19
26 71 100
11 70 11
12 34 16
81 15 26
14 74 21
33 61 100
0 0 46
10 56 10
99 89 22
72 17 35
18 79 100
19 78 100
12 86 22
83 9 33
20 80 24
9 60 9
14 32 16
99 91 8
99 90 27
91 97 100
19 58 19
30 67 100
32 56 33
87 10 25
89 99 42
29 60 29
75 33 27
72 28 27
0 0 100
89 99 35
52 36 100
79 15 31
83 42 16
31 65 100
88 99 34
31 89 10
65 23 100
15 73 100
22 8 9
69 27 31
49 39 34
10 16 17
10 84 25
9 45 9
49 39 100
95 93 100
7 62 7
89 35 11
47 84 25
30 66 100
21 77 100
10 55 10
70 28 29
84 41 15
49 39 34
71 29 28
37 83 16
49 39 38
68 24 100
35 17 21
99 89 22
50 9 29
84 43 17
99 89 21
61 22 100
10 12 21
66 22 34
6 68 6
26 62 26
21 77 100
26 62 100
0 0 100
94 96 100
15 73 19
36 52 35
10 84 25
47 6 6
8 89 22
85 43 15
44 48 100
34 58 100
76 15 100
46 42 45
27 89 12
8 59 8
73 19 100
13 77 22
31 89 10
75 19 100
0 0 25
81 83 100
6 63 6
10 43 17
49 39 51
21 77 100
5 64 5
7 67 7
0 0 23
43 52 100
23 8 10
12 54 13
6 52 6
14 12 16
10 11 24
37 83 16
30 70 29
22 67 100
38 51 40
86 14 22
37 82 29
31 89 10
20 80 21
3 3 19
90 98 65
7 47 7
69 27 31
83 42 16
34 54 34
99 89 22
76 13 100
97 93 47
78 34 18
0 0 25
54 89 21
49 39 51
61 22 100
29 70 29
56 33 100
78 13 100
13 75 14
91 95 100
18 77 100
97 92 43
9 60 9
6 88 20
8 66 8
11 55 11
0 0 27
38 51 33
20 79 100
73 19 100
93 95 100
0 0 24
85 43 15
98 2 22
33 55 34
89 99 35
5 64 5
19 81 20
20 80 34
91 99 8
34 54 31
47 8 25
82 10 33
22 73 100
17 75 100
91 99 8
7 58 7
39 49 35
57 31 100
73 19 100
91 97 100
9 68 9
85 6 25
90 99 57
89 99 34
29 60 30
14 74 21
99 89 22
11 15 19
0 0 25
48 44 100
0 0 53
71 29 28
65 23 100
47 6 6
55 12 18
52 36 28
15 74 27
12 54 12
9 46 10
6 61 6
87 6 26
12 70 13
61 21 100
78 13 64
95 95 8
57 30 100
26 62 26
25 71 100
77 13 100
42 53 100
43 45 44
83 42 19
21 77 100
34 54 35
99 89 10
5 64 5
49 85 34
20 80 19
7 67 7
65 25 100
44 9 22
44 48 100
15 73 15
81 16 25
25 71 100
0 0 18
0 0 100
39 84 24
87 46 14
85 15 22
12 86 24
13 52 14
65 23 100
22 75 100
10 11 24
89 99 36
9 58 10
54 34 49
67 23 100
21 78 100
16 76 100
48 6 7
71 21 100
7 67 7
18 82 19
34 60 100
76 33 25
7 58 7
71 29 28
50 38 100
33 62 100
64 24 37
89 99 39
64 23 100
55 33 100
40 81 20
93 95 100
38 50 28
92 96 100
38 83 23
23 69 100
13 77 23
31 65 100
29 70 100
13 52 14
82 6 21
17 46 17
18 79 100
10 44 18
65 25 100
21 67 100
9 83 18
47 84 32
52 36 100
30 69 30
68 26 31
25 63 26
50 86 33
36 58 100
9 55 9
51 37 28
25 71 100
6 63 6
74 20 100
65 22 100
66 22 35
0 0 28
84 42 18
14 33 17
19 79 69
24 64 25
6 62 6
84 41 16
7 62 7
84 8 31
10 84 21
63 26 100
89 99 38
39 55 100
87 99 12
77 13 100
8 57 8
65 25 100
30 69 30
7 47 7
18 82 19
0 0 100
10 43 10
89 99 47
10 44 15
14 49 14
5 62 5
31 66 100
65 25 100
53 35 100
47 7 24
0 0 18
79 11 42
65 25 100
26 71 100
58 17 25
89 99 45
31 89 10
98 2 22
55 12 22
78 14 35
37 82 25
47 41 34
98 2 22
17 46 17
76 33 24
87 99 12
19 76 100
7 67 7
99 89 10
71 29 28
99 89 21
52 36 18
46 83 24
35 57 100
77 14 100
52 10 32
54 34 41
67 23 100
22 73 100
95 95 8
98 2 22
23 69 100
99 89 22
34 16 19
80 83 100
76 18 100
20 80 21
11 56 11
24 64 25
31 65 100
0 0 53
9 83 18
10 71 10
14 74 22
16 61 16
60 18 23
0 0 100
7 47 7
89 35 11
58 30 100
89 99 47
82 9 33
92 96 100
88 99 35
12 53 12
0 0 62
43 49 100
38 83 24
8 90 21
99 87 12
84 8 32
29 70 29
20 80 34
0 0 27
0 0 26
24 29 25
43 8 12
46 8 23
33 55 35
87 99 12
92 96 100
25 63 100
0 0 20
90 98 10
44 48 100
80 16 26
71 17 100
87 46 14
83 9 32
27 18 20
47 44 100
21 9 10
50 38 32
81 7 21
38 83 29
11 70 11
94 94 10
83 9 32
6 88 20
13 39 17
82 84 24
17 76 100
18 74 100
36 52 30
87 99 12
27 89 11
10 56 11
59 18 38
66 22 22
30 58 79
13 75 13
9 44 14
53 89 23
79 9 21
84 8 31
71 29 28
16 61 16
11 39 15
7 59 7
17 74 100
0 0 53
6 63 6
25 63 100
7 67 7
38 83 29
34 60 100
15 73 100
15 73 23
77 13 100
89 99 35
99 89 21
67 23 100
11 71 11
9 68 9
50 86 25
99 89 22
47 6 6
17 81 32
64 26 100
76 13 100
39 49 29
50 86 33
22 66 22
53 35 47
78 14 45
13 11 17
7 59 7
47 7 23
7 47 7
95 95 8
11 11 24
11 55 11
76 33 25
26 62 100
12 41 14
51 38 100
33 61 100
22 67 100
0 0 100
75 20 100
48 8 26
38 57 100
87 99 21
50 9 29
82 9 34
4 86 15
9 17 15
10 71 10
36 52 28
74 20 100
99 90 25
30 69 100
33 16 18
14 74 22
8 47 8
95 95 8
85 43 15
43 49 100
42 52 100
10 55 10
16 75 100
4 4 25
86 10 26
19 81 19
50 40 100
63 26 100
15 38 26
9 60 9
15 38 26
14 51 14
64 24 48
38 51 29
98 91 9
10 68 10
8 66 8
99 91 8
29 70 29
0 0 27
14 51 15
71 29 16
10 44 18
49 39 100
85 43 15
16 61 16
94 94 10
7 53 7
7 62 7
38 83 28
20 9 10
29 68 100
5 87 17
13 12 25
29 70 100
7 67 7
76 14 100
83 9 32
35 16 20
56 33 100
65 23 36
27 62 27
10 84 25
0 0 58
78 34 18
66 22 22
0 0 100
99 90 28
33 61 100
6 51 6
5 64 5
32 56 33
47 7 24
6 68 6
21 77 100
14 74 14
81 83 24
55 33 100
84 85 100
37 82 25
47 6 6
12 10 17
0 0 26
10 84 27
11 54 11
31 65 100
0 0 100
31 57 31
15 73 15
96 93 100
31 57 31
34 54 39
0 0 26
54 35 100
94 94 100
92 96 100
55 33 100
77 14 100
81 10 34
26 87 13
71 29 28
25 63 25
67 23 100
37 82 17
6 88 20
50 87 31
84 43 17
13 50 15
99 91 8
47 44 100
34 60 100
9 60 9
90 99 9
12 51 13
8 68 8
51 88 30
17 46 17
6 88 20
47 7 23
87 10 25
11 55 11
40 48 34
44 48 100
31 65 100
99 87 12
96 93 100
90 94 100
24 64 25
10 71 10
12 76 14
59 17 24
84 8 31
30 69 30
0 0 100
48 8 26
7 61 7
99 89 22
11 85 22
84 41 17
0 0 19
20 78 100
20 9 10
62 26 100
72 28 27
93 95 100
10 43 16
1 2 24
65 23 100
0 0 26
99 89 11
53 35 100
85 7 30
84 43 16
67 23 100
0 0 23
79 11 35
93 95 100
7 67 7
95 95 8
11 71 11
52 10 32
5 87 17
97 93 57
6 63 6
9 46 12
13 52 13
28 87 13
9 46 11
39 51 26
5 62 5
0 0 100
84 41 15
16 75 100
43 45 51
0 0 30
18 82 19
95 95 8
87 99 12
89 99 37
28 88 12
76 12 37
46 42 32
77 14 100
14 78 23
38 50 28
97 93 45
95 95 8
94 96 8
88 99 11
5 64 5
21 77 100
7 88 21
16 62 16
30 67 100
18 79 100
17 81 32
58 30 100
51 37 29
10 16 17
52 36 100
67 23 100
99 89 22
18 74 100
16 72 17
54 34 100
12 53 12
0 0 59
83 9 32
10 56 10
51 37 30
14 78 17
49 39 42
62 26 100
0 0 100
34 62 100
62 20 23
53 11 34
69 26 28
48 43 100
8 59 8
58 30 41
90 99 59
99 88 11
7 89 21
54 36 100
10 84 20
92 96 100
89 99 35
14 33 20
64 22 100
57 33 100
9 83 18
99 89 21
99 90 9
84 7 31
89 93 100
99 91 8
87 46 14
30 69 30
27 18 20
50 38 43
30 67 100
73 18 100
10 56 11
10 84 21
15 38 20
14 12 16
95 93 100
71 29 28
36 58 100
47 41 40
83 6 23
0 0 18
0 0 25
5 87 17
23 8 10
44 48 100
20 80 35
14 37 24
21 76 100
44 9 12
84 7 32
8 47 9
22 66 22
18 59 18
14 11 15
91 97 100
38 57 100
24 70 100
10 56 10
1 2 24
87 46 14
16 79 100
9 45 13
40 81 21
51 38 100
38 54 100
17 75 100
44 9 12
30 65 100
30 66 100
99 90 24
90 94 100
23 65 23
71 21 100
18 79 100
49 39 35
41 47 28
49 85 33
18 82 23
9 90 20
89 99 43
96 94 8
39 84 24
50 38 28
70 28 31
10 71 10
0 0 100
14 74 21
18 82 23
84 8 32
99 89 10
45 8 15
27 63 28
7 67 7
47 45 100
28 87 13
98 91 9
8 68 8
24 64 100
95 95 8
20 80 35
6 61 6
60 18 24
65 23 100
12 76 13
94 96 8
8 66 8
54 90 20
89 99 46
8 59 8
5 62 5
4 4 18
98 91 34
54 89 21
0 0 26
14 49 14
78 12 47
87 99 21
57 15 24
42 46 41
16 72 17
7 88 21
53 11 34
99 90 22
31 66 100
5 64 5
74 20 100
31 88 11
28 88 12
15 74 24
47 84 33
4 87 16
83 9 31
37 83 18
89 99 43
84 42 18
44 48 100
19 58 20
34 16 19
23 65 23
7 88 21
44 50 100
52 10 32
25 63 25
26 71 100
93 95 100
70 28 29
39 84 24
61 22 100
0 0 27
89 93 100
13 77 20
62 26 100
36 52 31
22 66 22
45 84 22
94 94 100
9 44 9
99 91 8
25 63 25
66 22 22
51 37 30
0 0 27
80 16 27
27 18 21
4 4 18
6 88 20
12 13 22
30 67 100
10 84 21
51 37 30
72 18 100
38 57 100
13 53 13
19 81 20
45 43 41
59 17 23
95 95 100
99 89 22
71 21 100
63 22 100
29 70 100
8 89 22
10 84 27
89 35 11
12 41 20
13 72 13
95 95 8
26 64 27
14 51 14
82 8 24
19 58 19
10 71 10
0 0 26
12 41 20
10 56 11
9 60 9
36 60 100
62 26 100
49 85 33
96 94 8
9 65 9
99 89 22
7 42 8
69 27 31
89 99 36
7 58 7
10 43 10
12 86 24
11 15 19
43 49 100
89 99 36
90 99 58
54 10 13
20 33 23
64 24 37
6 63 6
85 43 15
50 38 34
10 55 11
50 87 32
54 34 100
31 65 100
9 60 9
90 98 10
53 89 22
19 75 100
30 58 32
7 67 7
17 74 100
66 25 33
20 76 100
54 11 23
86 10 26
23 65 23
84 43 17
16 61 16
53 89 22
54 11 13
84 8 31
45 8 10
80 8 21
75 20 100
75 33 26
15 74 100
14 74 22
0 0 27
95 95 8
20 79 100
66 24 100
75 20 100
0 0 100
21 32 23
90 98 100
66 24 100
76 16 100
10 43 17
0 0 100
62 26 100
90 99 9
53 11 34
82 84 24
99 89 21
85 7 30
78 13 100
99 90 28
19 78 100
22 31 23
10 43 17
51 88 25
30 66 100
46 42 56
3 4 19
10 11 24
24 64 24
6 52 6
62 26 100
15 73 15
84 6 24
11 71 11
47 7 23
63 25 37
89 34 11
52 36 22
49 85 34
84 41 17
52 36 100
85 43 15
60 18 23
38 57 100
